* This data was exported from the Dayton Audio Test System: DATS
*
* Piston Diameter = 122.4 mm
* f(s)= 35.16 Hz
* R(e)= 5.806 Ohms
* Z(max)= 73.05 Ohms
* Q(ms)= 5.322
* Q(es)= 0.4595
* Q(ts)= 0.4229
* V(as)= 24.64 liters     (0.8703 cubic feet)
* L(e)= 0.1997 mH
* n(0)= 0.2223 %
* SPL= 85.57 1W/1m
* M(ms)= 16.18 grams
* C(ms)= 1.266 mm/N
* BL= 6.721 
* K(r)= 4.954 
* X(r)= 0.05007 
* K(i)= 7.29e-05 
* X(i)= 0.9886 
*
*
Freq            Impedance       Phase
1.029    	5.826    	3.845    
1.059    	5.826    	3.845    
1.091    	5.826    	3.845    
1.122    	5.826    	3.845    
1.155    	5.826    	3.845    
1.189    	5.826    	3.845    
1.224    	5.826    	3.845    
1.260    	5.826    	3.845    
1.297    	5.826    	3.845    
1.335    	5.817    	4.698    
1.374    	5.817    	4.698    
1.414    	5.817    	4.698    
1.456    	5.817    	4.698    
1.498    	5.817    	4.698    
1.542    	5.817    	4.698    
1.587    	5.817    	4.698    
1.634    	5.817    	4.698    
1.682    	5.827    	5.492    
1.731    	5.827    	5.492    
1.782    	5.827    	5.492    
1.834    	5.827    	5.492    
1.888    	5.827    	5.492    
1.943    	5.827    	5.492    
2.000    	5.796    	6.414    
2.059    	5.796    	6.414    
2.119    	5.796    	6.414    
2.181    	5.796    	6.414    
2.245    	5.796    	6.414    
2.311    	5.796    	6.414    
2.378    	5.836    	7.596    
2.448    	5.836    	7.596    
2.520    	5.836    	7.596    
2.594    	5.836    	7.596    
2.670    	5.836    	8.940    
2.748    	5.836    	8.940    
2.828    	5.836    	8.940    
2.911    	5.836    	8.940    
2.997    	5.865    	10.290    
3.084    	5.865    	10.290    
3.175    	5.865    	10.290    
3.268    	5.865    	10.290    
3.364    	5.942    	11.388    
3.462    	5.942    	11.388    
3.564    	5.942    	11.388    
3.668    	6.015    	12.373    
3.775    	6.015    	12.373    
3.886    	6.015    	12.373    
4.000    	6.100    	13.335    
4.117    	6.100    	13.335    
4.238    	6.100    	13.335    
4.362    	6.106    	14.265    
4.490    	6.106    	14.265    
4.621    	6.106    	14.265    
4.757    	6.095    	15.305    
4.896    	6.095    	15.305    
5.040    	6.083    	16.428    
5.187    	6.083    	16.428    
5.339    	6.060    	17.665    
5.496    	6.060    	17.665    
5.657    	6.079    	19.000    
5.823    	6.079    	19.000    
5.993    	6.116    	20.314    
6.169    	6.116    	20.314    
6.350    	6.180    	21.586    
6.536    	6.180    	21.586    
6.727    	6.300    	22.750    
6.924    	6.300    	22.750    
7.127    	6.433    	23.746    
7.336    	6.573    	24.573    
7.551    	6.573    	24.573    
7.772    	6.709    	25.188    
8.000    	6.812    	25.627    
8.234    	6.812    	25.627    
8.476    	6.906    	25.979    
8.724    	6.992    	26.297    
8.980    	7.059    	26.661    
9.243    	7.059    	26.661    
9.514    	7.117    	27.122    
9.792    	7.155    	27.707    
10.079    	7.179    	28.458    
10.375    	7.209    	29.372    
10.679    	7.247    	30.425    
10.992    	7.308    	31.588    
11.314    	7.395    	32.805    
11.645    	7.505    	34.040    
11.986    	7.657    	35.260    
12.338    	7.835    	36.410    
12.699    	8.015    	37.453    
13.071    	8.213    	38.370    
13.454    	8.431    	39.159    
13.849    	8.656    	39.834    
14.254    	8.879    	40.399    
14.672    	9.196    	41.078    
15.102    	9.494    	41.705    
15.545    	9.676    	42.134    
16.000    	9.938    	42.838    
16.469    	10.169    	43.656    
16.951    	10.357    	44.637    
17.448    	10.569    	45.731    
17.959    	10.798    	46.970    
18.486    	11.016    	48.287    
19.027    	11.281    	49.684    
19.585    	11.689    	51.596    
20.159    	12.038    	53.000    
20.749    	12.454    	54.360    
21.357    	13.086    	56.046    
21.983    	13.837    	57.482    
22.627    	14.725    	58.580    
23.290    	15.745    	59.241    
23.973    	16.961    	59.466    
24.675    	18.435    	59.283    
25.398    	20.175    	58.751    
26.143    	22.230    	57.927    
26.909    	25.249    	56.570    
27.697    	28.743    	54.915    
28.509    	31.938    	53.251    
29.344    	36.514    	50.574    
30.204    	42.761    	46.313    
31.089    	48.622    	41.702    
32.000    	55.607    	35.234    
32.938    	63.022    	26.549    
33.903    	69.572    	15.245    
34.896    	72.778    	1.976    
35.919    	71.142    	-12.291    
36.971    	64.996    	-26.217    
38.055    	56.374    	-38.552    
39.170    	46.219    	-49.656    
40.317    	37.582    	-57.060    
41.499    	31.707    	-60.918    
42.715    	28.073    	-62.755    
43.967    	26.027    	-63.795    
45.255    	24.488    	-63.954    
46.581    	23.212    	-62.875    
47.946    	21.835    	-60.837    
49.351    	20.216    	-58.589    
50.797    	18.268    	-56.672    
52.285    	16.389    	-55.676    
53.817    	14.733    	-55.820    
55.394    	13.302    	-57.656    
57.018    	12.566    	-60.366    
58.688    	12.395    	-62.926    
60.408    	12.690    	-64.091    
62.178    	13.135    	-62.509    
64.000    	13.326    	-58.838    
65.875    	13.086    	-53.592    
67.806    	12.237    	-48.227    
69.792    	11.067    	-44.776    
71.838    	9.941    	-43.625    
73.943    	9.025    	-44.846    
76.109    	8.543    	-48.328    
78.339    	8.652    	-51.394    
80.635    	9.074    	-51.285    
82.998    	9.408    	-47.890    
85.430    	9.234    	-42.935    
87.933    	8.644    	-39.796    
90.510    	8.177    	-38.926    
93.162    	7.880    	-38.496    
95.892    	7.633    	-38.515    
98.701    	7.585    	-38.783    
101.594    	7.691    	-37.683    
104.571    	7.628    	-34.876    
107.635    	7.353    	-33.344    
110.789    	7.233    	-32.995    
114.035    	7.250    	-31.585    
117.377    	7.073    	-29.622    
120.816    	6.897    	-29.516    
124.356    	6.915    	-28.768    
128.000    	6.886    	-27.225    
131.751    	6.767    	-26.055    
135.611    	6.733    	-25.194    
139.585    	6.684    	-24.025    
143.675    	6.607    	-23.063    
147.885    	6.582    	-22.120    
152.219    	6.543    	-21.384    
156.679    	6.529    	-20.234    
161.270    	6.470    	-19.200    
165.995    	6.451    	-18.552    
170.860    	6.427    	-17.556    
175.866    	6.403    	-16.717    
181.019    	6.395    	-15.842    
186.324    	6.371    	-15.095    
191.783    	6.361    	-14.295    
197.403    	6.350    	-13.450    
203.187    	6.342    	-12.737    
209.141    	6.341    	-12.074    
215.269    	6.332    	-11.312    
221.577    	6.334    	-10.670    
228.070    	6.330    	-9.986    
234.753    	6.335    	-9.315    
241.632    	6.336    	-8.640    
248.712    	6.339    	-8.018    
256.000    	6.346    	-7.417    
263.501    	6.353    	-6.846    
271.223    	6.362    	-6.237    
279.170    	6.368    	-5.685    
287.350    	6.379    	-5.148    
295.770    	6.391    	-4.620    
304.437    	6.403    	-4.122    
313.358    	6.419    	-3.553    
322.540    	6.435    	-3.065    
331.991    	6.445    	-2.583    
341.719    	6.465    	-2.075    
351.732    	6.484    	-1.610    
362.039    	6.505    	-1.190    
372.647    	6.532    	-0.739    
383.567    	6.548    	-0.378    
394.806    	6.568    	0.034    
406.375    	6.591    	0.423    
418.282    	6.611    	0.775    
430.539    	6.637    	1.114    
443.155    	6.657    	1.438    
456.140    	6.676    	1.785    
469.506    	6.700    	2.119    
483.264    	6.720    	2.435    
497.424    	6.743    	2.779    
512.000    	6.765    	3.124    
527.003    	6.791    	3.467    
542.445    	6.823    	3.777    
558.340    	6.850    	4.009    
574.701    	6.872    	4.222    
591.541    	6.891    	4.498    
608.874    	6.917    	4.776    
626.715    	6.939    	5.064    
645.080    	6.964    	5.366    
663.982    	6.993    	5.658    
683.438    	7.023    	5.956    
703.464    	7.051    	6.235    
724.077    	7.082    	6.521    
745.294    	7.117    	6.788    
767.133    	7.152    	7.077    
789.612    	7.184    	7.317    
812.749    	7.226    	7.584    
836.565    	7.269    	7.832    
861.078    	7.310    	8.104    
886.309    	7.359    	8.344    
912.280    	7.412    	8.618    
939.012    	7.474    	8.827    
966.527    	7.543    	9.048    
994.849    	7.628    	9.282    
1024.000    	7.725    	9.214    
1054.005    	7.831    	9.032    
1084.890    	7.922    	8.514    
1116.680    	7.965    	7.801    
1149.401    	7.962    	7.198    
1183.081    	7.919    	6.771    
1217.748    	7.874    	6.688    
1253.431    	7.849    	6.788    
1290.159    	7.851    	6.891    
1327.964    	7.843    	6.844    
1366.876    	7.826    	6.902    
1406.929    	7.817    	7.095    
1448.155    	7.816    	7.249    
1490.589    	7.822    	7.447    
1534.266    	7.822    	7.584    
1579.224    	7.829    	7.790    
1625.499    	7.842    	7.990    
1673.129    	7.863    	8.130    
1722.156    	7.866    	8.230    
1772.619    	7.878    	8.393    
1824.561    	7.880    	8.629    
1878.024    	7.910    	8.803    
1933.055    	7.914    	8.984    
1989.697    	7.936    	9.230    
2048.000    	7.947    	9.444    
2108.011    	7.968    	9.622    
2169.780    	7.992    	9.862    
2233.360    	8.014    	10.034    
2298.802    	8.037    	10.259    
2366.162    	8.068    	10.482    
2435.496    	8.093    	10.685    
2506.862    	8.124    	10.897    
2580.318    	8.163    	11.095    
2655.927    	8.208    	11.289    
2733.752    	8.258    	11.414    
2813.857    	8.310    	11.432    
2896.309    	8.355    	11.276    
2981.178    	8.371    	11.079    
3068.533    	8.362    	10.924    
3158.448    	8.329    	10.942    
3250.997    	8.303    	11.197    
3346.259    	8.295    	11.502    
3444.312    	8.301    	11.863    
3545.238    	8.322    	12.185    
3649.121    	8.349    	12.525    
3756.049    	8.386    	12.699    
3866.109    	8.408    	12.727    
3979.395    	8.394    	12.851    
4096.000    	8.384    	13.189    
4216.022    	8.394    	13.555    
4339.561    	8.403    	13.950    
4466.720    	8.425    	14.335    
4597.605    	8.447    	14.697    
4732.325    	8.468    	15.023    
4870.992    	8.494    	15.409    
5013.723    	8.523    	15.790    
5160.637    	8.554    	16.175    
5311.855    	8.584    	16.576    
5467.504    	8.621    	16.950    
5627.714    	8.662    	17.343    
5792.619    	8.705    	17.742    
5962.355    	8.761    	18.160    
6137.066    	8.830    	18.458    
6316.896    	8.891    	18.564    
6501.995    	8.912    	18.634    
6692.518    	8.913    	18.944    
6888.623    	8.942    	19.353    
7090.476    	8.979    	19.674    
7298.242    	8.990    	19.973    
7512.097    	9.000    	20.443    
7732.218    	9.023    	20.986    
7958.790    	9.072    	21.495    
8192.000    	9.114    	21.958    
8432.044    	9.155    	22.433    
8679.122    	9.200    	22.956    
8933.439    	9.260    	23.442    
9195.209    	9.317    	23.898    
9464.649    	9.370    	24.294    
9741.985    	9.409    	24.673    
10027.447    	9.443    	25.140    
10321.273    	9.473    	25.679    
10623.710    	9.509    	26.312    
10935.008    	9.557    	26.960    
11255.428    	9.611    	27.638    
11585.238    	9.678    	28.302    
11924.711    	9.746    	28.993    
12274.132    	9.821    	29.683    
12633.791    	9.906    	30.386    
13003.989    	10.042    	30.974    
13385.035    	10.060    	31.326    
13777.247    	10.139    	32.245    
14180.951    	10.236    	32.961    
14596.485    	10.337    	33.668    
15024.194    	10.440    	34.379    
15464.437    	10.547    	35.090    
15917.579    	10.663    	35.788    
16384.000    	10.774    	36.487    
16864.088    	10.897    	37.211    
17358.243    	11.024    	37.956    
17866.879    	11.160    	38.684    
18390.418    	11.307    	39.412    
18929.299    	11.461    	40.126    
19483.969    	11.626    	40.828    
20054.893    	11.778    	41.450    
20642.546    	11.954    	42.128    
