* This data was exported from the Dayton Audio Test System: DATS
*
* Piston Diameter = 122.4 mm
* f(s)= 42.63 Hz
* R(e)= 5.763 Ohms
* Z(max)= 69.94 Ohms
* Q(ms)= 6.545
* Q(es)= 0.5876
* Q(ts)= 0.5392
* V(as)= 20.24 liters     (0.7147 cubic feet)
* L(e)= 0.2132 mH
* n(0)= 0.2544 %
* SPL= 86.16 1W/1m
* M(ms)= 13.41 grams
* C(ms)= 1.04 mm/N
* BL= 5.934 
* K(r)= 5.03 
* X(r)= 0.04906 
* K(i)= 0.0002359 
* X(i)= 0.8836 
*
*
Freq            Impedance       Phase
1.029    	5.793    	3.783    
1.059    	5.793    	3.783    
1.091    	5.793    	3.783    
1.122    	5.793    	3.783    
1.155    	5.793    	3.783    
1.189    	5.793    	3.783    
1.224    	5.793    	3.783    
1.260    	5.793    	3.783    
1.297    	5.793    	3.783    
1.335    	5.785    	4.173    
1.374    	5.785    	4.173    
1.414    	5.785    	4.173    
1.456    	5.785    	4.173    
1.498    	5.785    	4.173    
1.542    	5.785    	4.173    
1.587    	5.785    	4.173    
1.634    	5.785    	4.173    
1.682    	5.769    	4.577    
1.731    	5.769    	4.577    
1.782    	5.769    	4.577    
1.834    	5.769    	4.577    
1.888    	5.769    	4.577    
1.943    	5.769    	4.577    
2.000    	5.756    	5.169    
2.059    	5.756    	5.169    
2.119    	5.756    	5.169    
2.181    	5.756    	5.169    
2.245    	5.756    	5.169    
2.311    	5.756    	5.169    
2.378    	5.751    	5.861    
2.448    	5.751    	5.861    
2.520    	5.751    	5.861    
2.594    	5.751    	5.861    
2.670    	5.757    	6.691    
2.748    	5.757    	6.691    
2.828    	5.757    	6.691    
2.911    	5.757    	6.691    
2.997    	5.772    	7.467    
3.084    	5.772    	7.467    
3.175    	5.772    	7.467    
3.268    	5.772    	7.467    
3.364    	5.793    	8.280    
3.462    	5.793    	8.280    
3.564    	5.793    	8.280    
3.668    	5.806    	9.092    
3.775    	5.806    	9.092    
3.886    	5.806    	9.092    
4.000    	5.817    	9.907    
4.117    	5.817    	9.907    
4.238    	5.817    	9.907    
4.362    	5.821    	10.733    
4.490    	5.821    	10.733    
4.621    	5.821    	10.733    
4.757    	5.839    	11.567    
4.896    	5.839    	11.567    
5.040    	5.863    	12.419    
5.187    	5.863    	12.419    
5.339    	5.897    	13.303    
5.496    	5.897    	13.303    
5.657    	5.937    	14.203    
5.823    	5.937    	14.203    
5.993    	5.984    	15.079    
6.169    	5.984    	15.079    
6.350    	6.038    	15.901    
6.536    	6.038    	15.901    
6.727    	6.090    	16.649    
6.924    	6.090    	16.649    
7.127    	6.134    	17.320    
7.336    	6.170    	17.921    
7.551    	6.170    	17.921    
7.772    	6.211    	18.470    
8.000    	6.260    	19.003    
8.234    	6.260    	19.003    
8.476    	6.306    	19.547    
8.724    	6.339    	20.113    
8.980    	6.364    	20.730    
9.243    	6.364    	20.730    
9.514    	6.393    	21.426    
9.792    	6.428    	22.200    
10.079    	6.467    	23.017    
10.375    	6.509    	23.845    
10.679    	6.559    	24.682    
10.992    	6.619    	25.534    
11.314    	6.690    	26.375    
11.645    	6.768    	27.168    
11.986    	6.849    	27.905    
12.338    	6.931    	28.592    
12.699    	7.018    	29.233    
13.071    	7.107    	29.828    
13.454    	7.195    	30.376    
13.849    	7.276    	30.886    
14.254    	7.351    	31.373    
14.672    	7.468    	32.091    
15.102    	7.588    	32.844    
15.545    	7.667    	33.398    
16.000    	7.786    	34.327    
16.469    	7.907    	35.357    
16.951    	8.025    	36.519    
17.448    	8.154    	37.760    
17.959    	8.299    	39.025    
18.486    	8.449    	40.279    
19.027    	8.618    	41.499    
19.585    	8.881    	43.002    
20.159    	9.103    	44.005    
20.749    	9.347    	44.867    
21.357    	9.678    	45.807    
21.983    	10.016    	46.525    
22.627    	10.354    	47.050    
23.290    	10.681    	47.477    
23.973    	10.997    	47.917    
24.675    	11.322    	48.508    
25.398    	11.689    	49.351    
26.143    	12.106    	50.522    
26.909    	12.786    	52.415    
27.697    	13.669    	54.571    
28.509    	14.508    	56.276    
29.344    	15.761    	58.095    
30.204    	17.549    	59.589    
31.089    	19.282    	60.154    
32.000    	21.452    	59.960    
32.938    	24.131    	59.004    
33.903    	27.421    	57.239    
34.896    	31.251    	54.655    
35.919    	35.720    	51.112    
36.971    	40.837    	46.395    
38.055    	46.572    	40.207    
39.170    	54.042    	30.597    
40.317    	61.607    	18.244    
41.499    	67.567    	3.817    
42.715    	69.757    	-11.734    
43.967    	66.229    	-30.965    
45.255    	56.814    	-46.943    
46.581    	45.724    	-55.887    
47.946    	36.569    	-58.759    
49.351    	30.288    	-58.855    
50.797    	25.747    	-58.942    
52.285    	22.633    	-59.713    
53.817    	20.498    	-60.480    
55.394    	18.733    	-60.919    
57.018    	17.485    	-60.952    
58.688    	16.488    	-60.714    
60.408    	15.530    	-59.979    
62.178    	14.741    	-58.546    
64.000    	14.010    	-56.604    
65.875    	13.104    	-54.276    
67.806    	12.000    	-52.804    
69.792    	11.076    	-53.287    
71.838    	10.625    	-54.655    
73.943    	10.517    	-55.157    
76.109    	10.502    	-54.165    
78.339    	10.431    	-51.788    
80.635    	10.232    	-48.456    
82.998    	9.816    	-44.536    
85.430    	9.081    	-41.463    
87.933    	8.300    	-41.637    
90.510    	8.040    	-43.653    
93.162    	8.121    	-43.792    
95.892    	8.157    	-42.102    
98.701    	8.116    	-39.777    
101.594    	7.954    	-36.977    
104.571    	7.564    	-34.741    
107.635    	7.259    	-35.106    
110.789    	7.314    	-34.970    
114.035    	7.270    	-32.783    
117.377    	7.105    	-31.817    
120.816    	7.121    	-30.648    
124.356    	6.947    	-28.307    
128.000    	6.784    	-28.370    
131.751    	6.862    	-27.167    
135.611    	6.704    	-25.173    
139.585    	6.620    	-25.344    
143.675    	6.685    	-23.683    
147.885    	6.536    	-22.411    
152.219    	6.539    	-22.025    
156.679    	6.503    	-20.478    
161.270    	6.438    	-19.783    
165.995    	6.446    	-18.867    
170.860    	6.406    	-17.811    
175.866    	6.377    	-16.961    
181.019    	6.353    	-16.222    
186.324    	6.353    	-15.257    
191.783    	6.328    	-14.498    
197.403    	6.324    	-13.633    
203.187    	6.307    	-12.932    
209.141    	6.310    	-12.137    
215.269    	6.300    	-11.385    
221.577    	6.296    	-10.681    
228.070    	6.300    	-9.950    
234.753    	6.299    	-9.331    
241.632    	6.303    	-8.637    
248.712    	6.308    	-8.035    
256.000    	6.310    	-7.399    
263.501    	6.315    	-6.810    
271.223    	6.322    	-6.231    
279.170    	6.332    	-5.639    
287.350    	6.340    	-5.039    
295.770    	6.352    	-4.499    
304.437    	6.364    	-3.994    
313.358    	6.381    	-3.435    
322.540    	6.394    	-2.931    
331.991    	6.408    	-2.431    
341.719    	6.428    	-1.944    
351.732    	6.446    	-1.484    
362.039    	6.466    	-1.053    
372.647    	6.483    	-0.614    
383.567    	6.507    	-0.173    
394.806    	6.530    	0.243    
406.375    	6.553    	0.624    
418.282    	6.573    	0.987    
430.539    	6.597    	1.328    
443.155    	6.615    	1.721    
456.140    	6.636    	2.046    
469.506    	6.659    	2.385    
483.264    	6.681    	2.723    
497.424    	6.700    	3.062    
512.000    	6.723    	3.409    
527.003    	6.747    	3.749    
542.445    	6.776    	4.056    
558.340    	6.799    	4.372    
574.701    	6.827    	4.709    
591.541    	6.850    	5.011    
608.874    	6.881    	5.339    
626.715    	6.911    	5.622    
645.080    	6.942    	5.932    
663.982    	6.977    	6.245    
683.438    	7.016    	6.511    
703.464    	7.046    	6.716    
724.077    	7.072    	6.968    
745.294    	7.105    	7.278    
767.133    	7.140    	7.550    
789.612    	7.182    	7.875    
812.749    	7.225    	8.115    
836.565    	7.271    	8.418    
861.078    	7.319    	8.722    
886.309    	7.373    	9.003    
912.280    	7.436    	9.270    
939.012    	7.515    	9.507    
966.527    	7.602    	9.670    
994.849    	7.713    	9.823    
1024.000    	7.831    	9.505    
1054.005    	7.935    	8.921    
1084.890    	7.987    	8.129    
1116.680    	7.978    	7.336    
1149.401    	7.924    	6.912    
1183.081    	7.865    	6.813    
1217.748    	7.833    	6.966    
1253.431    	7.830    	7.128    
1290.159    	7.833    	7.058    
1327.964    	7.818    	7.118    
1366.876    	7.793    	7.229    
1406.929    	7.787    	7.518    
1448.155    	7.784    	7.731    
1490.589    	7.798    	8.015    
1534.266    	7.818    	8.182    
1579.224    	7.831    	8.375    
1625.499    	7.850    	8.563    
1673.129    	7.870    	8.757    
1722.156    	7.891    	8.881    
1772.619    	7.899    	9.025    
1824.561    	7.925    	9.212    
1878.024    	7.937    	9.346    
1933.055    	7.955    	9.579    
1989.697    	7.983    	9.818    
2048.000    	7.998    	9.922    
2108.011    	8.018    	10.130    
2169.780    	8.043    	10.339    
2233.360    	8.067    	10.561    
2298.802    	8.100    	10.722    
2366.162    	8.126    	10.926    
2435.496    	8.157    	11.152    
2506.862    	8.194    	11.334    
2580.318    	8.238    	11.509    
2655.927    	8.293    	11.640    
2733.752    	8.348    	11.664    
2813.857    	8.397    	11.571    
2896.309    	8.422    	11.332    
2981.178    	8.409    	11.183    
3068.533    	8.390    	11.178    
3158.448    	8.367    	11.287    
3250.997    	8.347    	11.594    
3346.259    	8.350    	11.969    
3444.312    	8.368    	12.329    
3545.238    	8.404    	12.667    
3649.121    	8.444    	12.844    
3756.049    	8.475    	12.950    
3866.109    	8.486    	12.986    
3979.395    	8.473    	13.141    
4096.000    	8.469    	13.459    
4216.022    	8.475    	13.852    
4339.561    	8.492    	14.213    
4466.720    	8.513    	14.542    
4597.605    	8.536    	14.880    
4732.325    	8.556    	15.224    
4870.992    	8.581    	15.608    
5013.723    	8.607    	16.005    
5160.637    	8.643    	16.383    
5311.855    	8.677    	16.773    
5467.504    	8.716    	17.158    
5627.714    	8.759    	17.534    
5792.619    	8.806    	17.916    
5962.355    	8.867    	18.277    
6137.066    	8.930    	18.492    
6316.896    	8.977    	18.624    
6501.995    	8.997    	18.794    
6692.518    	9.016    	19.130    
6888.623    	9.049    	19.435    
7090.476    	9.072    	19.698    
7298.242    	9.086    	20.058    
7512.097    	9.101    	20.509    
7732.218    	9.133    	21.040    
7958.790    	9.174    	21.546    
8192.000    	9.220    	21.994    
8432.044    	9.264    	22.463    
8679.122    	9.316    	22.955    
8933.439    	9.376    	23.420    
9195.209    	9.436    	23.828    
9464.649    	9.488    	24.178    
9741.985    	9.524    	24.551    
10027.447    	9.546    	24.976    
10321.273    	9.574    	25.543    
10623.710    	9.613    	26.131    
10935.008    	9.658    	26.801    
11255.428    	9.715    	27.522    
11585.238    	9.780    	28.173    
11924.711    	9.851    	28.822    
12274.132    	9.933    	29.492    
12633.791    	10.053    	30.158    
13003.989    	10.090    	30.378    
13385.035    	10.147    	31.293    
13777.247    	10.239    	32.005    
14180.951    	10.333    	32.703    
14596.485    	10.430    	33.382    
15024.194    	10.532    	34.101    
15464.437    	10.644    	34.803    
15917.579    	10.750    	35.472    
16384.000    	10.862    	36.195    
16864.088    	10.985    	36.932    
17358.243    	11.116    	37.647    
17866.879    	11.249    	38.377    
18390.418    	11.392    	39.113    
18929.299    	11.553    	39.857    
19483.969    	11.731    	40.523    
20054.893    	11.894    	41.023    
20642.546    	12.018    	41.605    
