* This data was exported from the Dayton Audio Test System: DATS
*
* Piston Diameter = 122.4 mm
* f(s)= 34.55 Hz
* R(e)= 5.931 Ohms
* Z(max)= 73.24 Ohms
* Q(ms)= 5.186
* Q(es)= 0.457
* Q(ts)= 0.42
* V(as)= 24.45 liters     (0.8633 cubic feet)
* L(e)= 0.1991 mH
* n(0)= 0.2104 %
* SPL= 85.33 1W/1m
* M(ms)= 16.89 grams
* C(ms)= 1.256 mm/N
* BL= 6.899 
* K(r)= 5.822 
* X(r)= 0.03507 
* K(i)= 0.0001949 
* X(i)= 0.898 
*
*
Freq            Impedance       Phase
1.029    	5.931    	5.580    
1.059    	5.931    	5.580    
1.091    	5.931    	5.580    
1.122    	5.931    	5.580    
1.155    	5.931    	5.580    
1.189    	5.931    	5.580    
1.224    	5.931    	5.580    
1.260    	5.931    	5.580    
1.297    	5.931    	5.580    
1.335    	5.941    	6.224    
1.374    	5.941    	6.224    
1.414    	5.941    	6.224    
1.456    	5.941    	6.224    
1.498    	5.941    	6.224    
1.542    	5.941    	6.224    
1.587    	5.941    	6.224    
1.634    	5.941    	6.224    
1.682    	5.925    	6.895    
1.731    	5.925    	6.895    
1.782    	5.925    	6.895    
1.834    	5.925    	6.895    
1.888    	5.925    	6.895    
1.943    	5.925    	6.895    
2.000    	5.949    	7.831    
2.059    	5.949    	7.831    
2.119    	5.949    	7.831    
2.181    	5.949    	7.831    
2.245    	5.949    	7.831    
2.311    	5.949    	7.831    
2.378    	5.948    	8.925    
2.448    	5.948    	8.925    
2.520    	5.948    	8.925    
2.594    	5.948    	8.925    
2.670    	5.951    	10.127    
2.748    	5.951    	10.127    
2.828    	5.951    	10.127    
2.911    	5.951    	10.127    
2.997    	5.978    	11.181    
3.084    	5.978    	11.181    
3.175    	5.978    	11.181    
3.268    	5.978    	11.181    
3.364    	6.032    	12.165    
3.462    	6.032    	12.165    
3.564    	6.032    	12.165    
3.668    	6.134    	13.122    
3.775    	6.134    	13.122    
3.886    	6.134    	13.122    
4.000    	6.205    	14.034    
4.117    	6.205    	14.034    
4.238    	6.205    	14.034    
4.362    	6.225    	14.972    
4.490    	6.225    	14.972    
4.621    	6.225    	14.972    
4.757    	6.210    	15.974    
4.896    	6.210    	15.974    
5.040    	6.183    	17.080    
5.187    	6.183    	17.080    
5.339    	6.172    	18.291    
5.496    	6.172    	18.291    
5.657    	6.185    	19.588    
5.823    	6.185    	19.588    
5.993    	6.236    	20.933    
6.169    	6.236    	20.933    
6.350    	6.317    	22.249    
6.536    	6.317    	22.249    
6.727    	6.423    	23.481    
6.924    	6.423    	23.481    
7.127    	6.565    	24.573    
7.336    	6.721    	25.483    
7.551    	6.721    	25.483    
7.772    	6.869    	26.213    
8.000    	7.011    	26.788    
8.234    	7.011    	26.788    
8.476    	7.142    	27.259    
8.724    	7.252    	27.670    
8.980    	7.334    	28.043    
9.243    	7.334    	28.043    
9.514    	7.401    	28.437    
9.792    	7.463    	28.934    
10.079    	7.506    	29.578    
10.375    	7.532    	30.371    
10.679    	7.576    	31.292    
10.992    	7.640    	32.337    
11.314    	7.710    	33.499    
11.645    	7.797    	34.721    
11.986    	7.928    	35.939    
12.338    	8.108    	37.112    
12.699    	8.313    	38.207    
13.071    	8.527    	39.204    
13.454    	8.761    	40.095    
13.849    	9.011    	40.874    
14.254    	9.251    	41.528    
14.672    	9.610    	42.291    
15.102    	9.988    	42.940    
15.545    	10.224    	43.340    
16.000    	10.555    	43.909    
16.469    	10.871    	44.563    
16.951    	11.127    	45.429    
17.448    	11.358    	46.429    
17.959    	11.590    	47.611    
18.486    	11.831    	48.923    
19.027    	12.108    	50.314    
19.585    	12.523    	52.232    
20.159    	12.916    	53.672    
20.749    	13.392    	55.058    
21.357    	14.109    	56.759    
21.983    	15.019    	58.124    
22.627    	16.063    	59.000    
23.290    	17.317    	59.311    
23.973    	18.814    	59.043    
24.675    	20.613    	58.305    
25.398    	22.717    	57.189    
26.143    	25.189    	55.773    
26.909    	28.764    	53.623    
27.697    	32.801    	51.074    
28.509    	36.402    	48.650    
29.344    	41.498    	44.999    
30.204    	48.211    	39.490    
31.089    	54.308    	33.719    
32.000    	61.189    	25.945    
32.938    	67.746    	15.977    
33.903    	72.301    	3.771    
34.896    	72.568    	-9.540    
35.919    	68.004    	-22.845    
36.971    	60.043    	-34.967    
38.055    	50.885    	-45.057    
39.170    	41.168    	-53.656    
40.317    	33.626    	-59.166    
41.499    	28.949    	-62.079    
42.715    	26.182    	-63.761    
43.967    	24.603    	-65.016    
45.255    	23.350    	-65.124    
46.581    	22.303    	-63.706    
47.946    	21.117    	-61.264    
49.351    	19.661    	-58.662    
50.797    	17.882    	-56.417    
52.285    	16.147    	-55.092    
53.817    	14.556    	-54.830    
55.394    	13.089    	-56.149    
57.018    	12.199    	-58.752    
58.688    	11.891    	-61.885    
60.408    	12.164    	-64.157    
62.178    	12.726    	-63.379    
64.000    	13.103    	-59.981    
65.875    	13.025    	-54.649    
67.806    	12.317    	-48.938    
69.792    	11.239    	-44.984    
71.838    	10.176    	-43.175    
73.943    	9.245    	-43.411    
76.109    	8.614    	-46.122    
78.339    	8.530    	-49.327    
80.635    	8.869    	-50.238    
82.998    	9.257    	-47.570    
85.430    	9.160    	-42.659    
87.933    	8.562    	-39.487    
90.510    	8.120    	-39.139    
93.162    	7.933    	-38.683    
95.892    	7.696    	-37.859    
98.701    	7.551    	-37.964    
101.594    	7.636    	-37.488    
104.571    	7.669    	-34.819    
107.635    	7.391    	-32.509    
110.789    	7.156    	-32.424    
114.035    	7.217    	-31.758    
117.377    	7.113    	-29.458    
120.816    	6.902    	-29.146    
124.356    	6.932    	-28.546    
128.000    	6.901    	-26.919    
131.751    	6.773    	-25.748    
135.611    	6.753    	-25.020    
139.585    	6.700    	-23.718    
143.675    	6.612    	-22.896    
147.885    	6.612    	-22.012    
152.219    	6.556    	-21.069    
156.679    	6.537    	-20.020    
161.270    	6.495    	-19.047    
165.995    	6.470    	-18.318    
170.860    	6.446    	-17.362    
175.866    	6.425    	-16.547    
181.019    	6.421    	-15.691    
186.324    	6.387    	-14.949    
191.783    	6.387    	-14.164    
197.403    	6.374    	-13.344    
203.187    	6.365    	-12.604    
209.141    	6.361    	-11.923    
215.269    	6.354    	-11.190    
221.577    	6.351    	-10.494    
228.070    	6.350    	-9.818    
234.753    	6.356    	-9.191    
241.632    	6.351    	-8.533    
248.712    	6.359    	-7.933    
256.000    	6.366    	-7.310    
263.501    	6.376    	-6.723    
271.223    	6.384    	-6.163    
279.170    	6.395    	-5.587    
287.350    	6.404    	-5.045    
295.770    	6.416    	-4.495    
304.437    	6.431    	-4.016    
313.358    	6.440    	-3.485    
322.540    	6.455    	-2.964    
331.991    	6.473    	-2.472    
341.719    	6.490    	-2.022    
351.732    	6.513    	-1.573    
362.039    	6.527    	-1.112    
372.647    	6.550    	-0.694    
383.567    	6.571    	-0.334    
394.806    	6.595    	0.066    
406.375    	6.617    	0.452    
418.282    	6.640    	0.801    
430.539    	6.661    	1.139    
443.155    	6.683    	1.494    
456.140    	6.703    	1.815    
469.506    	6.724    	2.172    
483.264    	6.742    	2.479    
497.424    	6.766    	2.831    
512.000    	6.791    	3.157    
527.003    	6.820    	3.502    
542.445    	6.851    	3.743    
558.340    	6.876    	3.994    
574.701    	6.896    	4.219    
591.541    	6.915    	4.507    
608.874    	6.937    	4.816    
626.715    	6.960    	5.091    
645.080    	6.989    	5.406    
663.982    	7.017    	5.708    
683.438    	7.048    	5.966    
703.464    	7.070    	6.273    
724.077    	7.106    	6.551    
745.294    	7.145    	6.849    
767.133    	7.184    	7.098    
789.612    	7.218    	7.337    
812.749    	7.254    	7.598    
836.565    	7.294    	7.850    
861.078    	7.340    	8.096    
886.309    	7.387    	8.358    
912.280    	7.442    	8.622    
939.012    	7.504    	8.871    
966.527    	7.579    	9.076    
994.849    	7.668    	9.256    
1024.000    	7.764    	9.229    
1054.005    	7.870    	9.001    
1084.890    	7.960    	8.423    
1116.680    	7.989    	7.709    
1149.401    	7.980    	7.168    
1183.081    	7.946    	6.784    
1217.748    	7.908    	6.742    
1253.431    	7.884    	6.699    
1290.159    	7.870    	6.830    
1327.964    	7.873    	6.831    
1366.876    	7.855    	6.870    
1406.929    	7.838    	7.075    
1448.155    	7.846    	7.202    
1490.589    	7.845    	7.375    
1534.266    	7.851    	7.503    
1579.224    	7.848    	7.729    
1625.499    	7.865    	7.992    
1673.129    	7.883    	8.106    
1722.156    	7.894    	8.246    
1772.619    	7.902    	8.370    
1824.561    	7.908    	8.586    
1878.024    	7.931    	8.795    
1933.055    	7.936    	8.976    
1989.697    	7.958    	9.220    
2048.000    	7.974    	9.422    
2108.011    	8.000    	9.633    
2169.780    	8.019    	9.806    
2233.360    	8.040    	10.013    
2298.802    	8.066    	10.207    
2366.162    	8.090    	10.438    
2435.496    	8.118    	10.693    
2506.862    	8.155    	10.873    
2580.318    	8.191    	11.088    
2655.927    	8.241    	11.252    
2733.752    	8.290    	11.377    
2813.857    	8.343    	11.365    
2896.309    	8.388    	11.257    
2981.178    	8.404    	11.024    
3068.533    	8.389    	10.845    
3158.448    	8.354    	10.889    
3250.997    	8.329    	11.138    
3346.259    	8.326    	11.462    
3444.312    	8.331    	11.842    
3545.238    	8.350    	12.198    
3649.121    	8.380    	12.479    
3756.049    	8.414    	12.619    
3866.109    	8.433    	12.687    
3979.395    	8.421    	12.845    
4096.000    	8.413    	13.138    
4216.022    	8.419    	13.544    
4339.561    	8.437    	13.910    
4466.720    	8.455    	14.271    
4597.605    	8.475    	14.614    
4732.325    	8.500    	14.973    
4870.992    	8.524    	15.347    
5013.723    	8.552    	15.728    
5160.637    	8.582    	16.121    
5311.855    	8.616    	16.517    
5467.504    	8.652    	16.911    
5627.714    	8.694    	17.277    
5792.619    	8.736    	17.677    
5962.355    	8.796    	18.077    
6137.066    	8.866    	18.393    
6316.896    	8.922    	18.439    
6501.995    	8.932    	18.499    
6692.518    	8.941    	18.869    
6888.623    	8.971    	19.269    
7090.476    	9.001    	19.559    
7298.242    	9.017    	19.884    
7512.097    	9.030    	20.337    
7732.218    	9.053    	20.882    
7958.790    	9.093    	21.391    
8192.000    	9.143    	21.872    
8432.044    	9.182    	22.332    
8679.122    	9.229    	22.836    
8933.439    	9.284    	23.324    
9195.209    	9.342    	23.758    
9464.649    	9.393    	24.151    
9741.985    	9.433    	24.563    
10027.447    	9.466    	25.037    
10321.273    	9.496    	25.579    
10623.710    	9.534    	26.202    
10935.008    	9.579    	26.836    
11255.428    	9.634    	27.516    
11585.238    	9.700    	28.179    
11924.711    	9.769    	28.852    
12274.132    	9.843    	29.556    
12633.791    	9.931    	30.261    
13003.989    	10.062    	30.846    
13385.035    	10.079    	31.180    
13777.247    	10.159    	32.077    
14180.951    	10.255    	32.793    
14596.485    	10.354    	33.509    
15024.194    	10.455    	34.220    
15464.437    	10.569    	34.961    
15917.579    	10.679    	35.630    
16384.000    	10.793    	36.325    
16864.088    	10.913    	37.048    
17358.243    	11.039    	37.785    
17866.879    	11.178    	38.538    
18390.418    	11.319    	39.258    
18929.299    	11.469    	39.977    
19483.969    	11.632    	40.671    
20054.893    	11.792    	41.310    
20642.546    	11.958    	41.889    
