* This data was exported from the Dayton Audio Test System: DATS
*
* Piston Diameter = 122.4 mm
* f(s)= 37.68 Hz
* R(e)= 5.784 Ohms
* Z(max)= 59.61 Ohms
* Q(ms)= 4.995
* Q(es)= 0.5368
* Q(ts)= 0.4847
* V(as)= 23.45 liters     (0.8282 cubic feet)
* L(e)= 0.206 mH
* n(0)= 0.2229 %
* SPL= 85.58 1W/1m
* M(ms)= 14.8 grams
* C(ms)= 1.205 mm/N
* BL= 6.146 
* K(r)= 6.302 
* X(r)= 0.02812 
* K(i)= 0.0002309 
* X(i)= 0.8847 
*
*
Freq            Impedance       Phase
1.029    	5.788    	3.979    
1.059    	5.788    	3.979    
1.091    	5.788    	3.979    
1.122    	5.788    	3.979    
1.155    	5.788    	3.979    
1.189    	5.788    	3.979    
1.224    	5.788    	3.979    
1.260    	5.788    	3.979    
1.297    	5.788    	3.979    
1.335    	5.790    	4.546    
1.374    	5.790    	4.546    
1.414    	5.790    	4.546    
1.456    	5.790    	4.546    
1.498    	5.790    	4.546    
1.542    	5.790    	4.546    
1.587    	5.790    	4.546    
1.634    	5.790    	4.546    
1.682    	5.792    	5.127    
1.731    	5.792    	5.127    
1.782    	5.792    	5.127    
1.834    	5.792    	5.127    
1.888    	5.792    	5.127    
1.943    	5.792    	5.127    
2.000    	5.795    	5.917    
2.059    	5.795    	5.917    
2.119    	5.795    	5.917    
2.181    	5.795    	5.917    
2.245    	5.795    	5.917    
2.311    	5.795    	5.917    
2.378    	5.806    	6.822    
2.448    	5.806    	6.822    
2.520    	5.806    	6.822    
2.594    	5.806    	6.822    
2.670    	5.813    	7.828    
2.748    	5.813    	7.828    
2.828    	5.813    	7.828    
2.911    	5.813    	7.828    
2.997    	5.828    	8.702    
3.084    	5.828    	8.702    
3.175    	5.828    	8.702    
3.268    	5.828    	8.702    
3.364    	5.858    	9.526    
3.462    	5.858    	9.526    
3.564    	5.858    	9.526    
3.668    	5.899    	10.318    
3.775    	5.899    	10.318    
3.886    	5.899    	10.318    
4.000    	5.936    	11.086    
4.117    	5.936    	11.086    
4.238    	5.936    	11.086    
4.362    	5.941    	11.886    
4.490    	5.941    	11.886    
4.621    	5.941    	11.886    
4.757    	5.934    	12.726    
4.896    	5.934    	12.726    
5.040    	5.919    	13.651    
5.187    	5.919    	13.651    
5.339    	5.912    	14.667    
5.496    	5.912    	14.667    
5.657    	5.919    	15.750    
5.823    	5.919    	15.750    
5.993    	5.949    	16.845    
6.169    	5.949    	16.845    
6.350    	6.009    	17.877    
6.536    	6.009    	17.877    
6.727    	6.099    	18.819    
6.924    	6.099    	18.819    
7.127    	6.205    	19.642    
7.336    	6.311    	20.305    
7.551    	6.311    	20.305    
7.772    	6.408    	20.814    
8.000    	6.493    	21.214    
8.234    	6.493    	21.214    
8.476    	6.559    	21.586    
8.724    	6.600    	21.993    
8.980    	6.618    	22.468    
9.243    	6.618    	22.468    
9.514    	6.628    	23.058    
9.792    	6.640    	23.813    
10.079    	6.659    	24.738    
10.375    	6.691    	25.807    
10.679    	6.741    	26.964    
10.992    	6.813    	28.154    
11.314    	6.906    	29.328    
11.645    	7.020    	30.427    
11.986    	7.153    	31.400    
12.338    	7.299    	32.232    
12.699    	7.444    	32.914    
13.071    	7.581    	33.453    
13.454    	7.708    	33.882    
13.849    	7.822    	34.242    
14.254    	7.924    	34.567    
14.672    	8.059    	35.085    
15.102    	8.179    	35.737    
15.545    	8.252    	36.308    
16.000    	8.372    	37.384    
16.469    	8.517    	38.680    
16.951    	8.693    	40.172    
17.448    	8.897    	41.706    
17.959    	9.143    	43.175    
18.486    	9.418    	44.509    
19.027    	9.729    	45.618    
19.585    	10.167    	46.801    
20.159    	10.491    	47.496    
20.749    	10.789    	48.080    
21.357    	11.150    	48.817    
21.983    	11.483    	49.633    
22.627    	11.813    	50.667    
23.290    	12.235    	51.968    
23.973    	12.787    	53.498    
24.675    	13.516    	55.115    
25.398    	14.487    	56.636    
26.143    	15.737    	57.882    
26.909    	17.721    	58.851    
27.697    	20.087    	59.097    
28.509    	22.248    	58.655    
29.344    	25.261    	57.282    
30.204    	29.255    	54.527    
31.089    	32.846    	51.333    
32.000    	37.050    	46.860    
32.938    	41.808    	41.028    
33.903    	47.053    	33.670    
34.896    	52.089    	25.009    
35.919    	56.323    	15.009    
36.971    	58.980    	3.788    
38.055    	59.375    	-8.260    
39.170    	56.751    	-22.433    
40.317    	51.676    	-35.648    
41.499    	45.264    	-46.347    
42.715    	38.700    	-54.269    
43.967    	33.143    	-60.236    
45.255    	28.594    	-61.988    
46.581    	25.784    	-60.848    
47.946    	23.657    	-59.144    
49.351    	21.573    	-57.772    
50.797    	19.421    	-57.162    
52.285    	17.660    	-57.458    
53.817    	16.331    	-58.080    
55.394    	15.245    	-58.993    
57.018    	14.528    	-59.733    
58.688    	14.051    	-60.238    
60.408    	13.721    	-60.122    
62.178    	13.501    	-58.809    
64.000    	13.224    	-56.470    
65.875    	12.691    	-53.190    
67.806    	11.762    	-50.064    
69.792    	10.711    	-48.950    
71.838    	9.936    	-49.915    
73.943    	9.516    	-51.574    
76.109    	9.410    	-53.052    
78.339    	9.534    	-53.002    
80.635    	9.659    	-51.101    
82.998    	9.673    	-47.706    
85.430    	9.351    	-43.464    
87.933    	8.681    	-40.865    
90.510    	8.187    	-40.764    
93.162    	7.977    	-40.888    
95.892    	7.857    	-40.407    
98.701    	7.784    	-39.402    
101.594    	7.732    	-37.888    
104.571    	7.582    	-35.786    
107.635    	7.349    	-34.771    
110.789    	7.270    	-34.224    
114.035    	7.257    	-32.464    
117.377    	7.064    	-30.716    
120.816    	6.941    	-30.513    
124.356    	6.945    	-29.037    
128.000    	6.815    	-27.618    
131.751    	6.736    	-27.056    
135.611    	6.734    	-25.694    
139.585    	6.624    	-24.591    
143.675    	6.595    	-23.826    
147.885    	6.559    	-22.375    
152.219    	6.476    	-21.740    
156.679    	6.478    	-20.755    
161.270    	6.431    	-19.635    
165.995    	6.414    	-18.816    
170.860    	6.369    	-17.824    
175.866    	6.353    	-17.116    
181.019    	6.342    	-16.077    
186.324    	6.321    	-15.360    
191.783    	6.303    	-14.488    
197.403    	6.293    	-13.737    
203.187    	6.284    	-12.929    
209.141    	6.285    	-12.161    
215.269    	6.273    	-11.451    
221.577    	6.275    	-10.702    
228.070    	6.272    	-10.015    
234.753    	6.274    	-9.362    
241.632    	6.273    	-8.746    
248.712    	6.277    	-8.111    
256.000    	6.285    	-7.459    
263.501    	6.292    	-6.859    
271.223    	6.299    	-6.297    
279.170    	6.306    	-5.704    
287.350    	6.319    	-5.147    
295.770    	6.329    	-4.574    
304.437    	6.338    	-4.058    
313.358    	6.350    	-3.527    
322.540    	6.363    	-3.007    
331.991    	6.384    	-2.501    
341.719    	6.400    	-2.019    
351.732    	6.418    	-1.538    
362.039    	6.434    	-1.076    
372.647    	6.457    	-0.650    
383.567    	6.479    	-0.239    
394.806    	6.500    	0.196    
406.375    	6.523    	0.600    
418.282    	6.546    	0.959    
430.539    	6.566    	1.341    
443.155    	6.590    	1.685    
456.140    	6.611    	2.008    
469.506    	6.634    	2.329    
483.264    	6.654    	2.663    
497.424    	6.676    	3.029    
512.000    	6.699    	3.341    
527.003    	6.721    	3.680    
542.445    	6.747    	3.980    
558.340    	6.770    	4.317    
574.701    	6.797    	4.669    
591.541    	6.825    	4.990    
608.874    	6.855    	5.279    
626.715    	6.890    	5.578    
645.080    	6.925    	5.890    
663.982    	6.958    	6.054    
683.438    	6.981    	6.259    
703.464    	7.004    	6.566    
724.077    	7.031    	6.850    
745.294    	7.072    	7.195    
767.133    	7.108    	7.446    
789.612    	7.146    	7.727    
812.749    	7.184    	8.006    
836.565    	7.229    	8.261    
861.078    	7.272    	8.514    
886.309    	7.320    	8.775    
912.280    	7.376    	9.032    
939.012    	7.443    	9.295    
966.527    	7.518    	9.495    
994.849    	7.607    	9.676    
1024.000    	7.698    	9.676    
1054.005    	7.804    	9.439    
1084.890    	7.897    	8.983    
1116.680    	7.950    	8.232    
1149.401    	7.945    	7.581    
1183.081    	7.906    	7.141    
1217.748    	7.869    	7.033    
1253.431    	7.838    	6.982    
1290.159    	7.817    	7.066    
1327.964    	7.800    	7.114    
1366.876    	7.778    	7.237    
1406.929    	7.768    	7.467    
1448.155    	7.767    	7.738    
1490.589    	7.780    	7.950    
1534.266    	7.790    	8.151    
1579.224    	7.806    	8.399    
1625.499    	7.827    	8.585    
1673.129    	7.855    	8.713    
1722.156    	7.859    	8.824    
1772.619    	7.870    	9.001    
1824.561    	7.896    	9.242    
1878.024    	7.910    	9.340    
1933.055    	7.931    	9.513    
1989.697    	7.952    	9.701    
2048.000    	7.962    	9.892    
2108.011    	7.985    	10.092    
2169.780    	8.005    	10.295    
2233.360    	8.030    	10.499    
2298.802    	8.056    	10.709    
2366.162    	8.089    	10.929    
2435.496    	8.119    	11.137    
2506.862    	8.154    	11.309    
2580.318    	8.194    	11.486    
2655.927    	8.245    	11.677    
2733.752    	8.291    	11.769    
2813.857    	8.344    	11.747    
2896.309    	8.389    	11.638    
2981.178    	8.400    	11.451    
3068.533    	8.391    	11.257    
3158.448    	8.354    	11.286    
3250.997    	8.326    	11.592    
3346.259    	8.327    	11.961    
3444.312    	8.340    	12.325    
3545.238    	8.369    	12.643    
3649.121    	8.400    	12.873    
3756.049    	8.434    	13.030    
3866.109    	8.460    	13.095    
3979.395    	8.452    	13.200    
4096.000    	8.441    	13.466    
4216.022    	8.447    	13.831    
4339.561    	8.462    	14.193    
4466.720    	8.479    	14.560    
4597.605    	8.500    	14.890    
4732.325    	8.524    	15.249    
4870.992    	8.548    	15.617    
5013.723    	8.575    	16.012    
5160.637    	8.605    	16.381    
5311.855    	8.641    	16.799    
5467.504    	8.681    	17.177    
5627.714    	8.724    	17.547    
5792.619    	8.770    	17.927    
5962.355    	8.824    	18.288    
6137.066    	8.884    	18.589    
6316.896    	8.941    	18.747    
6501.995    	8.967    	18.902    
6692.518    	8.985    	19.199    
6888.623    	9.015    	19.561    
7090.476    	9.051    	19.836    
7298.242    	9.070    	20.127    
7512.097    	9.085    	20.541    
7732.218    	9.109    	21.048    
7958.790    	9.149    	21.551    
8192.000    	9.193    	22.036    
8432.044    	9.236    	22.499    
8679.122    	9.281    	22.980    
8933.439    	9.339    	23.480    
9195.209    	9.403    	23.922    
9464.649    	9.459    	24.286    
9741.985    	9.505    	24.661    
10027.447    	9.532    	25.044    
10321.273    	9.554    	25.565    
10623.710    	9.590    	26.184    
10935.008    	9.628    	26.828    
11255.428    	9.684    	27.498    
11585.238    	9.751    	28.181    
11924.711    	9.820    	28.842    
12274.132    	9.898    	29.556    
12633.791    	10.023    	30.240    
13003.989    	10.063    	30.437    
13385.035    	10.118    	31.330    
13777.247    	10.210    	32.062    
14180.951    	10.305    	32.761    
14596.485    	10.399    	33.466    
15024.194    	10.500    	34.160    
15464.437    	10.617    	34.896    
15917.579    	10.724    	35.556    
16384.000    	10.836    	36.263    
16864.088    	10.959    	37.003    
17358.243    	11.085    	37.724    
17866.879    	11.221    	38.449    
18390.418    	11.368    	39.183    
18929.299    	11.520    	39.925    
19483.969    	11.698    	40.618    
20054.893    	11.868    	41.148    
20642.546    	12.005    	41.669    
