* This data was exported from the Dayton Audio Test System: DATS
*
* Piston Diameter = 122.4 mm
* f(s)= 36.67 Hz
* R(e)= 5.726 Ohms
* Z(max)= 63.6 Ohms
* Q(ms)= 5.114
* Q(es)= 0.5059
* Q(ts)= 0.4604
* V(as)= 22.74 liters     (0.8032 cubic feet)
* L(e)= 0.2079 mH
* n(0)= 0.2114 %
* SPL= 85.35 1W/1m
* M(ms)= 16.12 grams
* C(ms)= 1.169 mm/N
* BL= 6.483 
* K(r)= 4.527 
* X(r)= 0.05878 
* K(i)= 0.0001071 
* X(i)= 0.9553 
*
*
Freq            Impedance       Phase
1.029    	5.741    	3.731    
1.059    	5.741    	3.731    
1.091    	5.741    	3.731    
1.122    	5.741    	3.731    
1.155    	5.741    	3.731    
1.189    	5.741    	3.731    
1.224    	5.741    	3.731    
1.260    	5.741    	3.731    
1.297    	5.741    	3.731    
1.335    	5.742    	4.389    
1.374    	5.742    	4.389    
1.414    	5.742    	4.389    
1.456    	5.742    	4.389    
1.498    	5.742    	4.389    
1.542    	5.742    	4.389    
1.587    	5.742    	4.389    
1.634    	5.742    	4.389    
1.682    	5.723    	5.000    
1.731    	5.723    	5.000    
1.782    	5.723    	5.000    
1.834    	5.723    	5.000    
1.888    	5.723    	5.000    
1.943    	5.723    	5.000    
2.000    	5.737    	5.718    
2.059    	5.737    	5.718    
2.119    	5.737    	5.718    
2.181    	5.737    	5.718    
2.245    	5.737    	5.718    
2.311    	5.737    	5.718    
2.378    	5.743    	6.708    
2.448    	5.743    	6.708    
2.520    	5.743    	6.708    
2.594    	5.743    	6.708    
2.670    	5.758    	7.852    
2.748    	5.758    	7.852    
2.828    	5.758    	7.852    
2.911    	5.758    	7.852    
2.997    	5.778    	9.063    
3.084    	5.778    	9.063    
3.175    	5.778    	9.063    
3.268    	5.778    	9.063    
3.364    	5.820    	10.073    
3.462    	5.820    	10.073    
3.564    	5.820    	10.073    
3.668    	5.896    	11.023    
3.775    	5.896    	11.023    
3.886    	5.896    	11.023    
4.000    	5.951    	11.962    
4.117    	5.951    	11.962    
4.238    	5.951    	11.962    
4.362    	5.980    	12.835    
4.490    	5.980    	12.835    
4.621    	5.980    	12.835    
4.757    	5.993    	13.769    
4.896    	5.993    	13.769    
5.040    	5.997    	14.724    
5.187    	5.997    	14.724    
5.339    	6.007    	15.727    
5.496    	6.007    	15.727    
5.657    	6.026    	16.783    
5.823    	6.026    	16.783    
5.993    	6.067    	17.817    
6.169    	6.067    	17.817    
6.350    	6.137    	18.837    
6.536    	6.137    	18.837    
6.727    	6.235    	19.790    
6.924    	6.235    	19.790    
7.127    	6.358    	20.627    
7.336    	6.485    	21.364    
7.551    	6.485    	21.364    
7.772    	6.594    	21.969    
8.000    	6.679    	22.470    
8.234    	6.679    	22.470    
8.476    	6.745    	22.930    
8.724    	6.797    	23.388    
8.980    	6.837    	23.917    
9.243    	6.837    	23.917    
9.514    	6.863    	24.559    
9.792    	6.884    	25.338    
10.079    	6.908    	26.283    
10.375    	6.944    	27.362    
10.679    	7.000    	28.521    
10.992    	7.076    	29.722    
11.314    	7.171    	30.903    
11.645    	7.288    	32.015    
11.986    	7.425    	33.016    
12.338    	7.575    	33.868    
12.699    	7.729    	34.567    
13.071    	7.881    	35.138    
13.454    	8.027    	35.608    
13.849    	8.160    	36.017    
14.254    	8.279    	36.394    
14.672    	8.452    	36.992    
15.102    	8.623    	37.707    
15.545    	8.728    	38.269    
16.000    	8.876    	39.251    
16.469    	9.044    	40.395    
16.951    	9.256    	41.683    
17.448    	9.487    	43.013    
17.959    	9.741    	44.352    
18.486    	10.025    	45.620    
19.027    	10.348    	46.741    
19.585    	10.797    	48.063    
20.159    	11.137    	48.940    
20.749    	11.478    	49.745    
21.357    	11.927    	50.771    
21.983    	12.375    	51.800    
22.627    	12.844    	52.868    
23.290    	13.408    	53.975    
23.973    	14.123    	55.099    
24.675    	15.040    	56.154    
25.398    	16.227    	57.081    
26.143    	17.733    	57.779    
26.909    	20.055    	58.232    
27.697    	22.806    	58.134    
28.509    	25.330    	57.513    
29.344    	28.832    	55.899    
30.204    	33.456    	52.672    
31.089    	37.646    	48.812    
32.000    	42.631    	43.360    
32.938    	48.259    	36.298    
33.903    	54.269    	27.493    
34.896    	59.486    	17.301    
35.919    	62.797    	5.858    
36.971    	63.337    	-6.452    
38.055    	60.997    	-18.915    
39.170    	55.427    	-32.468    
40.317    	48.288    	-44.110    
41.499    	41.106    	-52.783    
42.715    	34.822    	-58.625    
43.967    	30.358    	-62.237    
45.255    	27.200    	-62.684    
46.581    	25.064    	-61.562    
47.946    	23.003    	-60.024    
49.351    	20.868    	-58.648    
50.797    	18.716    	-57.919    
52.285    	17.022    	-58.079    
53.817    	15.783    	-58.566    
55.394    	14.746    	-59.234    
57.018    	14.068    	-59.950    
58.688    	13.634    	-60.525    
60.408    	13.366    	-60.531    
62.178    	13.242    	-59.288    
64.000    	13.072    	-56.862    
65.875    	12.630    	-53.180    
67.806    	11.721    	-49.523    
69.792    	10.663    	-48.138    
71.838    	9.898    	-48.628    
73.943    	9.418    	-49.812    
76.109    	9.201    	-51.358    
78.339    	9.262    	-51.979    
80.635    	9.430    	-50.805    
82.998    	9.552    	-47.692    
85.430    	9.278    	-43.322    
87.933    	8.639    	-40.768    
90.510    	8.192    	-40.618    
93.162    	7.977    	-40.358    
95.892    	7.792    	-39.928    
98.701    	7.723    	-39.427    
101.594    	7.737    	-38.082    
104.571    	7.605    	-35.545    
107.635    	7.340    	-34.506    
110.789    	7.280    	-33.970    
114.035    	7.257    	-32.103    
117.377    	7.028    	-30.394    
120.816    	6.911    	-30.568    
124.356    	6.951    	-29.140    
128.000    	6.828    	-27.556    
131.751    	6.724    	-26.912    
135.611    	6.729    	-25.735    
139.585    	6.644    	-24.502    
143.675    	6.586    	-23.625    
147.885    	6.544    	-22.349    
152.219    	6.490    	-21.836    
156.679    	6.486    	-20.647    
161.270    	6.424    	-19.577    
165.995    	6.413    	-18.846    
170.860    	6.376    	-17.777    
175.866    	6.360    	-17.064    
181.019    	6.344    	-16.016    
186.324    	6.329    	-15.382    
191.783    	6.305    	-14.484    
197.403    	6.303    	-13.734    
203.187    	6.289    	-12.885    
209.141    	6.287    	-12.178    
215.269    	6.276    	-11.453    
221.577    	6.276    	-10.747    
228.070    	6.278    	-10.058    
234.753    	6.277    	-9.400    
241.632    	6.280    	-8.719    
248.712    	6.282    	-8.109    
256.000    	6.290    	-7.492    
263.501    	6.296    	-6.883    
271.223    	6.305    	-6.285    
279.170    	6.307    	-5.720    
287.350    	6.316    	-5.148    
295.770    	6.330    	-4.585    
304.437    	6.342    	-4.079    
313.358    	6.359    	-3.525    
322.540    	6.372    	-3.004    
331.991    	6.384    	-2.519    
341.719    	6.403    	-2.041    
351.732    	6.421    	-1.544    
362.039    	6.439    	-1.101    
372.647    	6.461    	-0.637    
383.567    	6.483    	-0.253    
394.806    	6.503    	0.193    
406.375    	6.527    	0.589    
418.282    	6.551    	0.931    
430.539    	6.574    	1.325    
443.155    	6.596    	1.655    
456.140    	6.615    	2.004    
469.506    	6.637    	2.350    
483.264    	6.657    	2.663    
497.424    	6.678    	3.027    
512.000    	6.702    	3.354    
527.003    	6.724    	3.690    
542.445    	6.750    	4.019    
558.340    	6.776    	4.322    
574.701    	6.802    	4.659    
591.541    	6.834    	4.999    
608.874    	6.864    	5.300    
626.715    	6.897    	5.578    
645.080    	6.935    	5.820    
663.982    	6.960    	6.020    
683.438    	6.984    	6.277    
703.464    	7.008    	6.553    
724.077    	7.042    	6.856    
745.294    	7.072    	7.149    
767.133    	7.109    	7.456    
789.612    	7.146    	7.707    
812.749    	7.190    	8.014    
836.565    	7.230    	8.267    
861.078    	7.278    	8.544    
886.309    	7.327    	8.786    
912.280    	7.382    	9.069    
939.012    	7.449    	9.291    
966.527    	7.520    	9.490    
994.849    	7.607    	9.712    
1024.000    	7.700    	9.665    
1054.005    	7.809    	9.446    
1084.890    	7.903    	8.945    
1116.680    	7.948    	8.244    
1149.401    	7.950    	7.647    
1183.081    	7.920    	7.207    
1217.748    	7.878    	6.999    
1253.431    	7.849    	7.003    
1290.159    	7.823    	6.997    
1327.964    	7.803    	7.132    
1366.876    	7.790    	7.240    
1406.929    	7.775    	7.478    
1448.155    	7.779    	7.740    
1490.589    	7.788    	7.946    
1534.266    	7.795    	8.145    
1579.224    	7.808    	8.372    
1625.499    	7.833    	8.567    
1673.129    	7.858    	8.669    
1722.156    	7.865    	8.786    
1772.619    	7.873    	8.981    
1824.561    	7.902    	9.215    
1878.024    	7.915    	9.301    
1933.055    	7.931    	9.478    
1989.697    	7.954    	9.724    
2048.000    	7.963    	9.875    
2108.011    	7.983    	10.120    
2169.780    	8.008    	10.315    
2233.360    	8.038    	10.523    
2298.802    	8.061    	10.715    
2366.162    	8.092    	10.949    
2435.496    	8.123    	11.153    
2506.862    	8.161    	11.344    
2580.318    	8.202    	11.519    
2655.927    	8.246    	11.676    
2733.752    	8.300    	11.753    
2813.857    	8.349    	11.759    
2896.309    	8.390    	11.630    
2981.178    	8.407    	11.434    
3068.533    	8.393    	11.209    
3158.448    	8.356    	11.295    
3250.997    	8.330    	11.557    
3346.259    	8.328    	11.941    
3444.312    	8.343    	12.316    
3545.238    	8.370    	12.629    
3649.121    	8.406    	12.878    
3756.049    	8.443    	13.043    
3866.109    	8.466    	13.080    
3979.395    	8.457    	13.176    
4096.000    	8.443    	13.492    
4216.022    	8.452    	13.846    
4339.561    	8.469    	14.213    
4466.720    	8.487    	14.563    
4597.605    	8.509    	14.909    
4732.325    	8.530    	15.239    
4870.992    	8.552    	15.610    
5013.723    	8.580    	16.010    
5160.637    	8.610    	16.429    
5311.855    	8.649    	16.788    
5467.504    	8.687    	17.179    
5627.714    	8.730    	17.536    
5792.619    	8.773    	17.919    
5962.355    	8.828    	18.293    
6137.066    	8.888    	18.597    
6316.896    	8.944    	18.763    
6501.995    	8.973    	18.898    
6692.518    	8.989    	19.231    
6888.623    	9.024    	19.571    
7090.476    	9.059    	19.841    
7298.242    	9.077    	20.122    
7512.097    	9.089    	20.547    
7732.218    	9.115    	21.079    
7958.790    	9.157    	21.576    
8192.000    	9.198    	22.013    
8432.044    	9.239    	22.489    
8679.122    	9.284    	22.999    
8933.439    	9.345    	23.502    
9195.209    	9.409    	23.933    
9464.649    	9.467    	24.295    
9741.985    	9.508    	24.627    
10027.447    	9.537    	25.030    
10321.273    	9.562    	25.566    
10623.710    	9.596    	26.165    
10935.008    	9.637    	26.839    
11255.428    	9.694    	27.540    
11585.238    	9.759    	28.187    
11924.711    	9.826    	28.868    
12274.132    	9.908    	29.560    
12633.791    	10.029    	30.253    
13003.989    	10.069    	30.461    
13385.035    	10.127    	31.373    
13777.247    	10.214    	32.096    
14180.951    	10.310    	32.775    
14596.485    	10.410    	33.486    
15024.194    	10.511    	34.210    
15464.437    	10.620    	34.881    
15917.579    	10.730    	35.571    
16384.000    	10.844    	36.296    
16864.088    	10.967    	37.029    
17358.243    	11.096    	37.755    
17866.879    	11.232    	38.479    
18390.418    	11.377    	39.198    
18929.299    	11.531    	39.947    
19483.969    	11.710    	40.663    
20054.893    	11.885    	41.157    
20642.546    	12.015    	41.710    
