* This data was exported from the Dayton Audio Test System: DATS
*
* Piston Diameter = 0 mm
* f(s)= 62.48 Hz
* R(e)= 2.851 Ohms
* Z(max)= 21.14 Ohms
* Q(ms)= 5.384
* Q(es)= 0.8395
* Q(ts)= 0.7263
* V(as)= 0 liters     (0 cubic feet)
* L(e)= 0.09933 mH
* n(0)= 0 %
* SPL= 0 1W/1m
* M(ms)= 0 grams
* C(ms)= 0 mm/N
* BL= 0 
* K(r)= 1.038 
* X(r)= 0.1302 
* K(i)= 3.58e-05 
* X(i)= 0.9901 
*
*
Freq            Impedance       Phase
1.029    	2.871    	2.329    
1.059    	2.871    	2.329    
1.091    	2.871    	2.329    
1.122    	2.871    	2.329    
1.155    	2.871    	2.329    
1.189    	2.871    	2.329    
1.224    	2.871    	2.329    
1.260    	2.871    	2.329    
1.297    	2.871    	2.329    
1.335    	2.863    	2.468    
1.374    	2.863    	2.468    
1.414    	2.863    	2.468    
1.456    	2.863    	2.468    
1.498    	2.863    	2.468    
1.542    	2.863    	2.468    
1.587    	2.863    	2.468    
1.634    	2.863    	2.468    
1.682    	2.853    	2.641    
1.731    	2.853    	2.641    
1.782    	2.853    	2.641    
1.834    	2.853    	2.641    
1.888    	2.853    	2.641    
1.943    	2.853    	2.641    
2.000    	2.845    	2.872    
2.059    	2.845    	2.872    
2.119    	2.845    	2.872    
2.181    	2.845    	2.872    
2.245    	2.845    	2.872    
2.311    	2.845    	2.872    
2.378    	2.844    	3.102    
2.448    	2.844    	3.102    
2.520    	2.844    	3.102    
2.594    	2.844    	3.102    
2.670    	2.847    	3.473    
2.748    	2.847    	3.473    
2.828    	2.847    	3.473    
2.911    	2.847    	3.473    
2.997    	2.850    	3.858    
3.084    	2.850    	3.858    
3.175    	2.850    	3.858    
3.268    	2.850    	3.858    
3.364    	2.857    	4.335    
3.462    	2.857    	4.335    
3.564    	2.857    	4.335    
3.668    	2.856    	4.758    
3.775    	2.856    	4.758    
3.886    	2.856    	4.758    
4.000    	2.864    	5.176    
4.117    	2.864    	5.176    
4.238    	2.864    	5.176    
4.362    	2.862    	5.611    
4.490    	2.862    	5.611    
4.621    	2.862    	5.611    
4.757    	2.864    	6.005    
4.896    	2.864    	6.005    
5.040    	2.864    	6.376    
5.187    	2.864    	6.376    
5.339    	2.863    	6.728    
5.496    	2.863    	6.728    
5.657    	2.863    	7.091    
5.823    	2.863    	7.091    
5.993    	2.862    	7.483    
6.169    	2.862    	7.483    
6.350    	2.866    	7.876    
6.536    	2.866    	7.876    
6.727    	2.873    	8.277    
6.924    	2.873    	8.277    
7.127    	2.881    	8.670    
7.336    	2.889    	9.048    
7.551    	2.889    	9.048    
7.772    	2.895    	9.422    
8.000    	2.899    	9.763    
8.234    	2.899    	9.763    
8.476    	2.902    	10.072    
8.724    	2.908    	10.377    
8.980    	2.918    	10.681    
9.243    	2.918    	10.681    
9.514    	2.929    	11.012    
9.792    	2.941    	11.367    
10.079    	2.950    	11.726    
10.375    	2.956    	12.106    
10.679    	2.961    	12.505    
10.992    	2.968    	12.909    
11.314    	2.979    	13.322    
11.645    	2.990    	13.731    
11.986    	3.000    	14.126    
12.338    	3.009    	14.517    
12.699    	3.020    	14.903    
13.071    	3.031    	15.285    
13.454    	3.042    	15.655    
13.849    	3.052    	16.001    
14.254    	3.061    	16.344    
14.672    	3.075    	16.881    
15.102    	3.090    	17.431    
15.545    	3.100    	17.810    
16.000    	3.118    	18.407    
16.469    	3.137    	19.013    
16.951    	3.157    	19.602    
17.448    	3.175    	20.193    
17.959    	3.193    	20.792    
18.486    	3.213    	21.384    
19.027    	3.237    	21.950    
19.585    	3.267    	22.690    
20.159    	3.288    	23.220    
20.749    	3.313    	23.725    
21.357    	3.346    	24.421    
21.983    	3.379    	25.145    
22.627    	3.415    	25.891    
23.290    	3.450    	26.649    
23.973    	3.483    	27.419    
24.675    	3.517    	28.158    
25.398    	3.563    	28.868    
26.143    	3.615    	29.570    
26.909    	3.678    	30.456    
27.697    	3.743    	31.366    
28.509    	3.799    	32.082    
29.344    	3.868    	32.929    
30.204    	3.952    	33.936    
31.089    	4.027    	34.824    
32.000    	4.108    	35.821    
32.938    	4.212    	36.922    
33.903    	4.342    	38.071    
34.896    	4.486    	39.148    
35.919    	4.640    	40.094    
36.971    	4.798    	40.933    
38.055    	4.953    	41.789    
39.170    	5.155    	42.839    
40.317    	5.370    	43.830    
41.499    	5.619    	44.776    
42.715    	5.904    	45.772    
43.967    	6.238    	47.026    
45.255    	6.711    	48.250    
46.581    	7.289    	49.138    
47.946    	7.991    	49.549    
49.351    	8.830    	49.332    
50.797    	9.953    	48.086    
52.285    	11.254    	45.449    
53.817    	12.707    	41.974    
55.394    	14.545    	37.047    
57.018    	16.362    	30.890    
58.688    	18.131    	23.034    
60.408    	19.951    	11.254    
62.178    	21.063    	-3.619    
64.000    	20.305    	-17.422    
65.875    	18.162    	-29.701    
67.806    	15.432    	-38.880    
69.792    	13.043    	-44.318    
71.838    	11.232    	-47.254    
73.943    	9.882    	-48.529    
76.109    	8.814    	-48.946    
78.339    	7.992    	-49.265    
80.635    	7.333    	-49.477    
82.998    	6.770    	-49.009    
85.430    	6.285    	-48.162    
87.933    	5.846    	-47.251    
90.510    	5.491    	-46.400    
93.162    	5.217    	-45.300    
95.892    	4.960    	-43.896    
98.701    	4.763    	-42.464    
101.594    	4.569    	-40.915    
104.571    	4.363    	-39.475    
107.635    	4.217    	-38.457    
110.789    	4.123    	-37.105    
114.035    	4.029    	-35.384    
117.377    	3.926    	-33.631    
120.816    	3.835    	-32.351    
124.356    	3.698    	-31.111    
128.000    	3.663    	-30.082    
131.751    	3.619    	-28.331    
135.611    	3.548    	-26.838    
139.585    	3.476    	-25.619    
143.675    	3.434    	-24.743    
147.885    	3.418    	-23.419    
152.219    	3.383    	-22.176    
156.679    	3.353    	-21.117    
161.270    	3.320    	-20.175    
165.995    	3.305    	-19.199    
170.860    	3.270    	-18.127    
175.866    	3.255    	-17.142    
181.019    	3.215    	-16.106    
186.324    	3.231    	-15.130    
191.783    	3.218    	-14.287    
197.403    	3.229    	-13.347    
203.187    	3.230    	-13.021    
209.141    	3.208    	-12.337    
215.269    	3.191    	-11.544    
221.577    	3.184    	-10.771    
228.070    	3.185    	-10.013    
234.753    	3.178    	-9.392    
241.632    	3.165    	-8.666    
248.712    	3.172    	-7.944    
256.000    	3.176    	-7.268    
263.501    	3.182    	-6.574    
271.223    	3.194    	-5.983    
279.170    	3.202    	-5.509    
287.350    	3.208    	-5.048    
295.770    	3.209    	-4.621    
304.437    	3.210    	-4.137    
313.358    	3.214    	-3.648    
322.540    	3.220    	-3.063    
331.991    	3.231    	-2.540    
341.719    	3.238    	-2.188    
351.732    	3.246    	-1.718    
362.039    	3.259    	-1.398    
372.647    	3.265    	-0.909    
383.567    	3.277    	-0.580    
394.806    	3.284    	-0.270    
406.375    	3.292    	0.122    
418.282    	3.291    	0.400    
430.539    	3.299    	0.792    
443.155    	3.307    	1.123    
456.140    	3.311    	1.495    
469.506    	3.324    	1.843    
483.264    	3.334    	2.205    
497.424    	3.348    	2.609    
512.000    	3.355    	2.941    
527.003    	3.364    	3.212    
542.445    	3.377    	3.669    
558.340    	3.390    	3.941    
574.701    	3.406    	4.162    
591.541    	3.417    	4.448    
608.874    	3.425    	4.843    
626.715    	3.441    	5.121    
645.080    	3.461    	5.372    
663.982    	3.476    	5.651    
683.438    	3.485    	5.869    
703.464    	3.500    	6.126    
724.077    	3.512    	6.403    
745.294    	3.530    	6.683    
767.133    	3.550    	7.015    
789.612    	3.568    	7.229    
812.749    	3.583    	7.493    
836.565    	3.602    	7.713    
861.078    	3.622    	8.032    
886.309    	3.652    	8.251    
912.280    	3.678    	8.503    
939.012    	3.707    	8.767    
966.527    	3.739    	8.922    
994.849    	3.778    	9.199    
1024.000    	3.821    	9.132    
1054.005    	3.870    	8.981    
1084.890    	3.914    	8.642    
1116.680    	3.948    	8.108    
1149.401    	3.958    	7.445    
1183.081    	3.945    	6.905    
1217.748    	3.922    	6.685    
1253.431    	3.906    	6.565    
1290.159    	3.887    	6.524    
1327.964    	3.870    	6.680    
1366.876    	3.860    	6.923    
1406.929    	3.854    	7.202    
1448.155    	3.856    	7.446    
1490.589    	3.861    	7.686    
1534.266    	3.869    	7.933    
1579.224    	3.878    	8.112    
1625.499    	3.884    	8.300    
1673.129    	3.896    	8.473    
1722.156    	3.905    	8.544    
1772.619    	3.909    	8.689    
1824.561    	3.915    	8.902    
1878.024    	3.922    	9.074    
1933.055    	3.937    	9.302    
1989.697    	3.953    	9.539    
2048.000    	3.954    	9.661    
2108.011    	3.963    	9.853    
2169.780    	3.974    	10.089    
2233.360    	3.991    	10.291    
2298.802    	4.000    	10.488    
2366.162    	4.011    	10.682    
2435.496    	4.028    	10.854    
2506.862    	4.044    	11.063    
2580.318    	4.060    	11.268    
2655.927    	4.080    	11.491    
2733.752    	4.107    	11.629    
2813.857    	4.130    	11.712    
2896.309    	4.152    	11.678    
2981.178    	4.169    	11.535    
3068.533    	4.174    	11.356    
3158.448    	4.162    	11.249    
3250.997    	4.146    	11.414    
3346.259    	4.139    	11.722    
3444.312    	4.141    	12.075    
3545.238    	4.150    	12.432    
3649.121    	4.168    	12.746    
3756.049    	4.188    	12.989    
3866.109    	4.199    	13.056    
3979.395    	4.200    	13.126    
4096.000    	4.191    	13.359    
4216.022    	4.194    	13.734    
4339.561    	4.203    	14.128    
4466.720    	4.211    	14.484    
4597.605    	4.222    	14.811    
4732.325    	4.232    	15.206    
4870.992    	4.244    	15.595    
5013.723    	4.255    	15.966    
5160.637    	4.270    	16.337    
5311.855    	4.288    	16.792    
5467.504    	4.308    	17.183    
5627.714    	4.327    	17.541    
5792.619    	4.351    	17.966    
5962.355    	4.378    	18.352    
6137.066    	4.412    	18.685    
6316.896    	4.446    	18.834    
6501.995    	4.455    	18.946    
6692.518    	4.467    	19.298    
6888.623    	4.484    	19.619    
7090.476    	4.501    	19.912    
7298.242    	4.514    	20.193    
7512.097    	4.518    	20.587    
7732.218    	4.530    	21.129    
7958.790    	4.547    	21.647    
8192.000    	4.572    	22.151    
8432.044    	4.593    	22.623    
8679.122    	4.619    	23.112    
8933.439    	4.647    	23.609    
9195.209    	4.679    	24.097    
9464.649    	4.708    	24.547    
9741.985    	4.733    	24.894    
10027.447    	4.751    	25.304    
10321.273    	4.770    	25.803    
10623.710    	4.781    	26.348    
10935.008    	4.806    	27.005    
11255.428    	4.834    	27.724    
11585.238    	4.866    	28.412    
11924.711    	4.903    	29.065    
12274.132    	4.940    	29.804    
12633.791    	4.993    	30.503    
13003.989    	5.039    	30.913    
13385.035    	5.061    	31.500    
13777.247    	5.104    	32.306    
14180.951    	5.153    	33.018    
14596.485    	5.205    	33.740    
15024.194    	5.257    	34.402    
15464.437    	5.316    	35.154    
15917.579    	5.371    	35.875    
16384.000    	5.430    	36.569    
16864.088    	5.497    	37.306    
17358.243    	5.560    	38.048    
17866.879    	5.634    	38.745    
18390.418    	5.708    	39.479    
18929.299    	5.789    	40.194    
19483.969    	5.864    	40.934    
20054.893    	5.954    	41.474    
20642.546    	6.040    	42.106    
