* This data was exported from the Dayton Audio Test System: DATS
*
* Piston Diameter = 122.4 mm
* f(s)= 62.75 Hz
* R(e)= 5.638 Ohms
* Z(max)= 42.08 Ohms
* Q(ms)= 5.436
* Q(es)= 0.8411
* Q(ts)= 0.7284
* V(as)= 10.4 liters     (0.3673 cubic feet)
* L(e)= 0.2029 mH
* n(0)= 0.2913 %
* SPL= 86.74 1W/1m
* M(ms)= 12.04 grams
* C(ms)= 0.534 mm/N
* BL= 5.641 
* K(r)= 4.395 
* X(r)= 0.06074 
* K(i)= 0.0001595 
* X(i)= 0.9218 
*
*
Freq            Impedance       Phase
1.029    	5.663    	2.389    
1.059    	5.663    	2.389    
1.091    	5.663    	2.389    
1.122    	5.663    	2.389    
1.155    	5.663    	2.389    
1.189    	5.663    	2.389    
1.224    	5.663    	2.389    
1.260    	5.663    	2.389    
1.297    	5.663    	2.389    
1.335    	5.654    	2.507    
1.374    	5.654    	2.507    
1.414    	5.654    	2.507    
1.456    	5.654    	2.507    
1.498    	5.654    	2.507    
1.542    	5.654    	2.507    
1.587    	5.654    	2.507    
1.634    	5.654    	2.507    
1.682    	5.644    	2.662    
1.731    	5.644    	2.662    
1.782    	5.644    	2.662    
1.834    	5.644    	2.662    
1.888    	5.644    	2.662    
1.943    	5.644    	2.662    
2.000    	5.639    	2.837    
2.059    	5.639    	2.837    
2.119    	5.639    	2.837    
2.181    	5.639    	2.837    
2.245    	5.639    	2.837    
2.311    	5.639    	2.837    
2.378    	5.648    	3.063    
2.448    	5.648    	3.063    
2.520    	5.648    	3.063    
2.594    	5.648    	3.063    
2.670    	5.656    	3.378    
2.748    	5.656    	3.378    
2.828    	5.656    	3.378    
2.911    	5.656    	3.378    
2.997    	5.665    	3.781    
3.084    	5.665    	3.781    
3.175    	5.665    	3.781    
3.268    	5.665    	3.781    
3.364    	5.679    	4.195    
3.462    	5.679    	4.195    
3.564    	5.679    	4.195    
3.668    	5.685    	4.616    
3.775    	5.685    	4.616    
3.886    	5.685    	4.616    
4.000    	5.710    	5.046    
4.117    	5.710    	5.046    
4.238    	5.710    	5.046    
4.362    	5.713    	5.487    
4.490    	5.713    	5.487    
4.621    	5.713    	5.487    
4.757    	5.708    	5.938    
4.896    	5.708    	5.938    
5.040    	5.703    	6.361    
5.187    	5.703    	6.361    
5.339    	5.705    	6.766    
5.496    	5.705    	6.766    
5.657    	5.720    	7.167    
5.823    	5.720    	7.167    
5.993    	5.729    	7.549    
6.169    	5.729    	7.549    
6.350    	5.738    	7.921    
6.536    	5.738    	7.921    
6.727    	5.756    	8.289    
6.924    	5.756    	8.289    
7.127    	5.770    	8.659    
7.336    	5.781    	9.039    
7.551    	5.781    	9.039    
7.772    	5.792    	9.409    
8.000    	5.794    	9.767    
8.234    	5.794    	9.767    
8.476    	5.795    	10.133    
8.724    	5.803    	10.507    
8.980    	5.815    	10.887    
9.243    	5.815    	10.887    
9.514    	5.834    	11.269    
9.792    	5.859    	11.644    
10.079    	5.883    	12.020    
10.375    	5.903    	12.402    
10.679    	5.920    	12.774    
10.992    	5.937    	13.132    
11.314    	5.956    	13.481    
11.645    	5.971    	13.836    
11.986    	5.983    	14.200    
12.338    	5.998    	14.566    
12.699    	6.014    	14.934    
13.071    	6.029    	15.316    
13.454    	6.040    	15.711    
13.849    	6.052    	16.109    
14.254    	6.072    	16.503    
14.672    	6.113    	17.081    
15.102    	6.151    	17.651    
15.545    	6.175    	18.019    
16.000    	6.214    	18.546    
16.469    	6.253    	19.064    
16.951    	6.289    	19.595    
17.448    	6.325    	20.139    
17.959    	6.358    	20.708    
18.486    	6.392    	21.294    
19.027    	6.426    	21.877    
19.585    	6.473    	22.661    
20.159    	6.513    	23.252    
20.749    	6.563    	23.816    
21.357    	6.627    	24.548    
21.983    	6.702    	25.241    
22.627    	6.776    	25.892    
23.290    	6.843    	26.529    
23.973    	6.907    	27.184    
24.675    	6.977    	27.858    
25.398    	7.052    	28.574    
26.143    	7.140    	29.332    
26.909    	7.256    	30.323    
27.697    	7.383    	31.330    
28.509    	7.494    	32.112    
29.344    	7.636    	33.019    
30.204    	7.806    	34.027    
31.089    	7.947    	34.830    
32.000    	8.099    	35.681    
32.938    	8.278    	36.655    
33.903    	8.497    	37.777    
34.896    	8.748    	38.929    
35.919    	9.031    	40.021    
36.971    	9.329    	41.034    
38.055    	9.644    	41.970    
39.170    	10.050    	42.953    
40.317    	10.483    	43.860    
41.499    	10.950    	44.718    
42.715    	11.472    	45.616    
43.967    	12.097    	46.861    
45.255    	12.975    	48.253    
46.581    	14.050    	49.436    
47.946    	15.353    	50.144    
49.351    	16.921    	50.101    
50.797    	19.071    	48.926    
52.285    	21.591    	46.617    
53.817    	24.499    	43.279    
55.394    	28.155    	38.388    
57.018    	31.731    	32.479    
58.688    	35.397    	24.852    
60.408    	39.469    	13.105    
62.178    	41.826    	-0.816    
64.000    	41.057    	-14.618    
65.875    	37.160    	-27.605    
67.806    	31.611    	-37.918    
69.792    	26.644    	-44.479    
71.838    	22.983    	-47.990    
73.943    	20.283    	-49.478    
76.109    	18.020    	-49.979    
78.339    	16.169    	-50.238    
80.635    	14.713    	-50.433    
82.998    	13.551    	-50.152    
85.430    	12.582    	-49.530    
87.933    	11.771    	-48.820    
90.510    	11.144    	-47.799    
93.162    	10.563    	-46.308    
95.892    	9.928    	-44.888    
98.701    	9.469    	-43.966    
101.594    	9.150    	-42.872    
104.571    	8.838    	-41.319    
107.635    	8.559    	-39.620    
110.789    	8.243    	-37.731    
114.035    	7.924    	-36.557    
117.377    	7.763    	-35.742    
120.816    	7.715    	-34.143    
124.356    	7.568    	-32.079    
128.000    	7.352    	-30.283    
131.751    	7.127    	-29.188    
135.611    	7.042    	-28.580    
139.585    	6.998    	-27.002    
143.675    	6.875    	-25.467    
147.885    	6.781    	-24.287    
152.219    	6.724    	-23.400    
156.679    	6.707    	-22.118    
161.270    	6.599    	-20.840    
165.995    	6.563    	-19.936    
170.860    	6.504    	-18.925    
175.866    	6.484    	-17.869    
181.019    	6.427    	-16.991    
186.324    	6.424    	-15.763    
191.783    	6.397    	-14.888    
197.403    	6.411    	-13.856    
203.187    	6.403    	-13.504    
209.141    	6.367    	-12.616    
215.269    	6.351    	-11.851    
221.577    	6.333    	-11.109    
228.070    	6.330    	-10.287    
234.753    	6.322    	-9.655    
241.632    	6.319    	-8.862    
248.712    	6.317    	-8.194    
256.000    	6.320    	-7.517    
263.501    	6.321    	-6.870    
271.223    	6.329    	-6.153    
279.170    	6.340    	-5.520    
287.350    	6.364    	-4.848    
295.770    	6.394    	-4.379    
304.437    	6.411    	-4.039    
313.358    	6.408    	-3.630    
322.540    	6.413    	-3.056    
331.991    	6.429    	-2.495    
341.719    	6.450    	-2.046    
351.732    	6.473    	-1.620    
362.039    	6.496    	-1.214    
372.647    	6.510    	-0.794    
383.567    	6.532    	-0.450    
394.806    	6.544    	-0.109    
406.375    	6.564    	0.248    
418.282    	6.569    	0.557    
430.539    	6.587    	0.914    
443.155    	6.599    	1.249    
456.140    	6.611    	1.621    
469.506    	6.627    	2.013    
483.264    	6.648    	2.415    
497.424    	6.669    	2.724    
512.000    	6.687    	3.044    
527.003    	6.705    	3.425    
542.445    	6.728    	3.794    
558.340    	6.748    	4.133    
574.701    	6.777    	4.469    
591.541    	6.801    	4.805    
608.874    	6.825    	5.143    
626.715    	6.859    	5.479    
645.080    	6.896    	5.774    
663.982    	6.932    	5.996    
683.438    	6.961    	6.206    
703.464    	6.982    	6.442    
724.077    	7.012    	6.713    
745.294    	7.042    	7.021    
767.133    	7.076    	7.321    
789.612    	7.109    	7.619    
812.749    	7.146    	7.857    
836.565    	7.192    	8.162    
861.078    	7.237    	8.447    
886.309    	7.288    	8.688    
912.280    	7.340    	8.919    
939.012    	7.402    	9.152    
966.527    	7.467    	9.347    
994.849    	7.547    	9.565    
1024.000    	7.633    	9.539    
1054.005    	7.730    	9.406    
1084.890    	7.822    	9.082    
1116.680    	7.891    	8.513    
1149.401    	7.911    	7.833    
1183.081    	7.894    	7.296    
1217.748    	7.855    	6.993    
1253.431    	7.815    	6.825    
1290.159    	7.768    	6.812    
1327.964    	7.729    	6.957    
1366.876    	7.707    	7.232    
1406.929    	7.700    	7.533    
1448.155    	7.701    	7.835    
1490.589    	7.710    	8.095    
1534.266    	7.727    	8.351    
1579.224    	7.747    	8.555    
1625.499    	7.768    	8.776    
1673.129    	7.795    	8.940    
1722.156    	7.812    	9.015    
1772.619    	7.821    	9.149    
1824.561    	7.836    	9.396    
1878.024    	7.854    	9.597    
1933.055    	7.880    	9.817    
1989.697    	7.909    	10.021    
2048.000    	7.926    	10.127    
2108.011    	7.942    	10.309    
2169.780    	7.960    	10.529    
2233.360    	7.987    	10.738    
2298.802    	8.012    	10.930    
2366.162    	8.044    	11.139    
2435.496    	8.077    	11.340    
2506.862    	8.105    	11.521    
2580.318    	8.140    	11.741    
2655.927    	8.186    	11.929    
2733.752    	8.229    	12.053    
2813.857    	8.280    	12.152    
2896.309    	8.328    	12.095    
2981.178    	8.358    	11.965    
3068.533    	8.368    	11.796    
3158.448    	8.345    	11.697    
3250.997    	8.311    	11.856    
3346.259    	8.298    	12.183    
3444.312    	8.298    	12.595    
3545.238    	8.325    	12.972    
3649.121    	8.359    	13.235    
3756.049    	8.399    	13.462    
3866.109    	8.429    	13.563    
3979.395    	8.431    	13.619    
4096.000    	8.416    	13.817    
4216.022    	8.419    	14.194    
4339.561    	8.436    	14.564    
4466.720    	8.454    	14.938    
4597.605    	8.471    	15.298    
4732.325    	8.496    	15.679    
4870.992    	8.516    	16.064    
5013.723    	8.544    	16.455    
5160.637    	8.575    	16.862    
5311.855    	8.611    	17.274    
5467.504    	8.651    	17.665    
5627.714    	8.696    	18.064    
5792.619    	8.742    	18.469    
5962.355    	8.797    	18.886    
6137.066    	8.861    	19.198    
6316.896    	8.920    	19.360    
6501.995    	8.945    	19.536    
6692.518    	8.974    	19.890    
6888.623    	9.017    	20.210    
7090.476    	9.051    	20.488    
7298.242    	9.075    	20.756    
7512.097    	9.088    	21.147    
7732.218    	9.111    	21.678    
7958.790    	9.148    	22.192    
8192.000    	9.195    	22.696    
8432.044    	9.241    	23.158    
8679.122    	9.287    	23.658    
8933.439    	9.347    	24.191    
9195.209    	9.409    	24.650    
9464.649    	9.470    	25.071    
9741.985    	9.524    	25.434    
10027.447    	9.562    	25.797    
10321.273    	9.593    	26.329    
10623.710    	9.619    	26.910    
10935.008    	9.663    	27.556    
11255.428    	9.722    	28.262    
11585.238    	9.787    	28.960    
11924.711    	9.862    	29.641    
12274.132    	9.942    	30.332    
12633.791    	10.066    	31.027    
13003.989    	10.115    	31.264    
13385.035    	10.174    	32.171    
13777.247    	10.270    	32.892    
14180.951    	10.368    	33.607    
14596.485    	10.467    	34.315    
15024.194    	10.575    	35.027    
15464.437    	10.690    	35.751    
15917.579    	10.802    	36.438    
16384.000    	10.926    	37.154    
16864.088    	11.053    	37.872    
17358.243    	11.185    	38.605    
17866.879    	11.332    	39.333    
18390.418    	11.479    	40.069    
18929.299    	11.640    	40.811    
19483.969    	11.817    	41.513    
20054.893    	12.007    	42.025    
20642.546    	12.152    	42.549    
