* This data was exported from the Dayton Audio Test System: DATS
*
* Piston Diameter = 122.4 mm
* f(s)= 60.33 Hz
* R(e)= 5.721 Ohms
* Z(max)= 43.46 Ohms
* Q(ms)= 5.309
* Q(es)= 0.8047
* Q(ts)= 0.6988
* V(as)= 10.13 liters     (0.3578 cubic feet)
* L(e)= 0.1903 mH
* n(0)= 0.2635 %
* SPL= 86.31 1W/1m
* M(ms)= 13.37 grams
* C(ms)= 0.52 mm/N
* BL= 6.003 
* K(r)= 7.083 
* X(r)= 0.01643 
* K(i)= 0.0001565 
* X(i)= 0.921 
*
*
Freq            Impedance       Phase
1.029    	5.790    	2.324    
1.059    	5.790    	2.324    
1.091    	5.790    	2.324    
1.122    	5.790    	2.324    
1.155    	5.790    	2.324    
1.189    	5.790    	2.324    
1.224    	5.790    	2.324    
1.260    	5.790    	2.324    
1.297    	5.790    	2.324    
1.335    	5.778    	2.591    
1.374    	5.778    	2.591    
1.414    	5.778    	2.591    
1.456    	5.778    	2.591    
1.498    	5.778    	2.591    
1.542    	5.778    	2.591    
1.587    	5.778    	2.591    
1.634    	5.778    	2.591    
1.682    	5.718    	2.788    
1.731    	5.718    	2.788    
1.782    	5.718    	2.788    
1.834    	5.718    	2.788    
1.888    	5.718    	2.788    
1.943    	5.718    	2.788    
2.000    	5.689    	3.188    
2.059    	5.689    	3.188    
2.119    	5.689    	3.188    
2.181    	5.689    	3.188    
2.245    	5.689    	3.188    
2.311    	5.689    	3.188    
2.378    	5.670    	3.600    
2.448    	5.670    	3.600    
2.520    	5.670    	3.600    
2.594    	5.670    	3.600    
2.670    	5.696    	4.106    
2.748    	5.696    	4.106    
2.828    	5.696    	4.106    
2.911    	5.696    	4.106    
2.997    	5.719    	4.409    
3.084    	5.719    	4.409    
3.175    	5.719    	4.409    
3.268    	5.719    	4.409    
3.364    	5.726    	4.801    
3.462    	5.726    	4.801    
3.564    	5.726    	4.801    
3.668    	5.727    	5.206    
3.775    	5.727    	5.206    
3.886    	5.727    	5.206    
4.000    	5.705    	5.654    
4.117    	5.705    	5.654    
4.238    	5.705    	5.654    
4.362    	5.704    	6.160    
4.490    	5.704    	6.160    
4.621    	5.704    	6.160    
4.757    	5.724    	6.619    
4.896    	5.724    	6.619    
5.040    	5.738    	7.045    
5.187    	5.738    	7.045    
5.339    	5.754    	7.453    
5.496    	5.754    	7.453    
5.657    	5.753    	7.871    
5.823    	5.753    	7.871    
5.993    	5.752    	8.325    
6.169    	5.752    	8.325    
6.350    	5.769    	8.762    
6.536    	5.769    	8.762    
6.727    	5.797    	9.153    
6.924    	5.797    	9.153    
7.127    	5.826    	9.509    
7.336    	5.830    	9.855    
7.551    	5.830    	9.855    
7.772    	5.825    	10.237    
8.000    	5.840    	10.644    
8.234    	5.840    	10.644    
8.476    	5.863    	11.049    
8.724    	5.884    	11.450    
8.980    	5.899    	11.856    
9.243    	5.899    	11.856    
9.514    	5.907    	12.298    
9.792    	5.928    	12.767    
10.079    	5.964    	13.209    
10.375    	5.998    	13.609    
10.679    	6.024    	13.991    
10.992    	6.036    	14.382    
11.314    	6.049    	14.781    
11.645    	6.076    	15.159    
11.986    	6.102    	15.509    
12.338    	6.115    	15.871    
12.699    	6.124    	16.271    
13.071    	6.139    	16.699    
13.454    	6.164    	17.128    
13.849    	6.190    	17.542    
14.254    	6.209    	17.963    
14.672    	6.245    	18.618    
15.102    	6.300    	19.239    
15.545    	6.338    	19.620    
16.000    	6.381    	20.197    
16.469    	6.431    	20.778    
16.951    	6.482    	21.334    
17.448    	6.519    	21.913    
17.959    	6.560    	22.523    
18.486    	6.597    	23.127    
19.027    	6.631    	23.750    
19.585    	6.700    	24.602    
20.159    	6.751    	25.213    
20.749    	6.802    	25.814    
21.357    	6.891    	26.572    
21.983    	6.972    	27.267    
22.627    	7.059    	27.935    
23.290    	7.138    	28.589    
23.973    	7.225    	29.268    
24.675    	7.309    	29.972    
25.398    	7.410    	30.726    
26.143    	7.526    	31.498    
26.909    	7.674    	32.500    
27.697    	7.851    	33.477    
28.509    	7.988    	34.251    
29.344    	8.148    	35.177    
30.204    	8.350    	36.239    
31.089    	8.518    	37.103    
32.000    	8.712    	38.052    
32.938    	8.957    	39.102    
33.903    	9.251    	40.200    
34.896    	9.588    	41.244    
35.919    	9.946    	42.213    
36.971    	10.334    	43.090    
38.055    	10.732    	43.883    
39.170    	11.235    	44.704    
40.317    	11.784    	45.458    
41.499    	12.414    	46.212    
42.715    	13.163    	47.011    
43.967    	14.100    	48.028    
45.255    	15.385    	48.893    
46.581    	16.916    	49.255    
47.946    	18.674    	48.941    
49.351    	20.730    	47.710    
50.797    	23.537    	45.054    
52.285    	26.770    	40.955    
53.817    	30.480    	35.689    
55.394    	34.990    	28.204    
57.018    	39.011    	19.403    
58.688    	42.033    	8.686    
60.408    	43.235    	-6.521    
62.178    	40.961    	-21.281    
64.000    	36.460    	-32.148    
65.875    	31.193    	-40.086    
67.806    	26.310    	-45.534    
69.792    	22.675    	-48.989    
71.838    	20.112    	-50.803    
73.943    	18.144    	-51.167    
76.109    	16.408    	-50.829    
78.339    	14.897    	-50.461    
80.635    	13.700    	-50.200    
82.998    	12.732    	-49.830    
85.430    	11.917    	-49.166    
87.933    	11.250    	-48.359    
90.510    	10.747    	-46.995    
93.162    	10.231    	-45.111    
95.892    	9.629    	-43.630    
98.701    	9.204    	-42.921    
101.594    	8.959    	-41.988    
104.571    	8.743    	-40.556    
107.635    	8.519    	-38.672    
110.789    	8.186    	-36.498    
114.035    	7.821    	-35.368    
117.377    	7.657    	-35.083    
120.816    	7.630    	-33.676    
124.356    	7.542    	-31.786    
128.000    	7.346    	-29.717    
131.751    	7.079    	-28.566    
135.611    	6.994    	-28.293    
139.585    	6.978    	-26.899    
143.675    	6.878    	-25.250    
147.885    	6.778    	-23.985    
152.219    	6.703    	-23.180    
156.679    	6.687    	-21.816    
161.270    	6.600    	-20.642    
165.995    	6.576    	-19.846    
170.860    	6.517    	-18.809    
175.866    	6.494    	-17.726    
181.019    	6.448    	-16.783    
186.324    	6.437    	-15.807    
191.783    	6.394    	-15.017    
197.403    	6.397    	-13.997    
203.187    	6.389    	-13.228    
209.141    	6.370    	-12.428    
215.269    	6.364    	-11.646    
221.577    	6.371    	-10.893    
228.070    	6.377    	-10.240    
234.753    	6.364    	-9.724    
241.632    	6.347    	-9.031    
248.712    	6.347    	-8.341    
256.000    	6.342    	-7.667    
263.501    	6.344    	-7.011    
271.223    	6.353    	-6.329    
279.170    	6.362    	-5.752    
287.350    	6.374    	-5.102    
295.770    	6.394    	-4.537    
304.437    	6.417    	-4.001    
313.358    	6.434    	-3.553    
322.540    	6.447    	-3.109    
331.991    	6.454    	-2.628    
341.719    	6.474    	-2.161    
351.732    	6.493    	-1.694    
362.039    	6.515    	-1.288    
372.647    	6.538    	-0.861    
383.567    	6.563    	-0.525    
394.806    	6.586    	-0.259    
406.375    	6.599    	0.027    
418.282    	6.616    	0.366    
430.539    	6.626    	0.615    
443.155    	6.633    	0.952    
456.140    	6.641    	1.320    
469.506    	6.650    	1.682    
483.264    	6.670    	2.032    
497.424    	6.688    	2.437    
512.000    	6.711    	2.766    
527.003    	6.734    	3.169    
542.445    	6.760    	3.518    
558.340    	6.791    	3.755    
574.701    	6.812    	4.001    
591.541    	6.831    	4.267    
608.874    	6.854    	4.536    
626.715    	6.877    	4.862    
645.080    	6.898    	5.148    
663.982    	6.921    	5.464    
683.438    	6.951    	5.753    
703.464    	6.983    	6.053    
724.077    	7.015    	6.339    
745.294    	7.044    	6.636    
767.133    	7.079    	6.904    
789.612    	7.114    	7.152    
812.749    	7.149    	7.452    
836.565    	7.190    	7.710    
861.078    	7.232    	7.949    
886.309    	7.281    	8.210    
912.280    	7.328    	8.461    
939.012    	7.393    	8.668    
966.527    	7.458    	8.837    
994.849    	7.531    	9.005    
1024.000    	7.609    	9.080    
1054.005    	7.702    	8.968    
1084.890    	7.794    	8.655    
1116.680    	7.859    	8.143    
1149.401    	7.882    	7.527    
1183.081    	7.868    	7.028    
1217.748    	7.836    	6.739    
1253.431    	7.813    	6.585    
1290.159    	7.771    	6.441    
1327.964    	7.732    	6.554    
1366.876    	7.708    	6.819    
1406.929    	7.697    	7.081    
1448.155    	7.701    	7.355    
1490.589    	7.711    	7.548    
1534.266    	7.724    	7.726    
1579.224    	7.729    	7.934    
1625.499    	7.744    	8.126    
1673.129    	7.764    	8.315    
1722.156    	7.781    	8.435    
1772.619    	7.791    	8.564    
1824.561    	7.797    	8.755    
1878.024    	7.811    	8.971    
1933.055    	7.825    	9.165    
1989.697    	7.846    	9.406    
2048.000    	7.865    	9.568    
2108.011    	7.884    	9.780    
2169.780    	7.905    	10.000    
2233.360    	7.930    	10.179    
2298.802    	7.953    	10.427    
2366.162    	7.983    	10.600    
2435.496    	8.006    	10.776    
2506.862    	8.034    	10.981    
2580.318    	8.066    	11.219    
2655.927    	8.101    	11.416    
2733.752    	8.146    	11.580    
2813.857    	8.192    	11.699    
2896.309    	8.245    	11.739    
2981.178    	8.282    	11.588    
3068.533    	8.299    	11.386    
3158.448    	8.279    	11.300    
3250.997    	8.250    	11.393    
3346.259    	8.231    	11.668    
3444.312    	8.225    	12.031    
3545.238    	8.242    	12.406    
3649.121    	8.267    	12.716    
3756.049    	8.298    	12.996    
3866.109    	8.330    	13.110    
3979.395    	8.337    	13.214    
4096.000    	8.322    	13.423    
4216.022    	8.322    	13.783    
4339.561    	8.334    	14.173    
4466.720    	8.347    	14.513    
4597.605    	8.367    	14.908    
4732.325    	8.393    	15.318    
4870.992    	8.420    	15.704    
5013.723    	8.445    	16.096    
5160.637    	8.474    	16.470    
5311.855    	8.509    	16.874    
5467.504    	8.544    	17.266    
5627.714    	8.584    	17.671    
5792.619    	8.626    	18.084    
5962.355    	8.679    	18.520    
6137.066    	8.747    	18.898    
6316.896    	8.818    	19.073    
6501.995    	8.844    	19.132    
6692.518    	8.858    	19.425    
6888.623    	8.887    	19.806    
7090.476    	8.923    	20.123    
7298.242    	8.944    	20.397    
7512.097    	8.953    	20.796    
7732.218    	8.974    	21.344    
7958.790    	9.010    	21.887    
8192.000    	9.058    	22.394    
8432.044    	9.104    	22.871    
8679.122    	9.153    	23.381    
8933.439    	9.206    	23.874    
9195.209    	9.264    	24.349    
9464.649    	9.318    	24.774    
9741.985    	9.370    	25.177    
10027.447    	9.409    	25.614    
10321.273    	9.438    	26.139    
10623.710    	9.473    	26.738    
10935.008    	9.521    	27.402    
11255.428    	9.577    	28.087    
11585.238    	9.644    	28.753    
11924.711    	9.709    	29.437    
12274.132    	9.786    	30.162    
12633.791    	9.873    	30.870    
13003.989    	10.010    	31.502    
13385.035    	10.038    	31.810    
13777.247    	10.114    	32.704    
14180.951    	10.210    	33.457    
14596.485    	10.311    	34.164    
15024.194    	10.417    	34.858    
15464.437    	10.529    	35.579    
15917.579    	10.644    	36.299    
16384.000    	10.764    	37.019    
16864.088    	10.887    	37.713    
17358.243    	11.016    	38.447    
17866.879    	11.155    	39.199    
18390.418    	11.302    	39.915    
18929.299    	11.461    	40.623    
19483.969    	11.625    	41.320    
20054.893    	11.789    	41.955    
20642.546    	11.963    	42.633    
